          Time-Start   CPU    C-State      Sleep[ns]    Delta[ns]   Miss  Below
      1133.783566920     0         C6         381289       181289      0      -
      1133.783677129     1         C3         310210       210210      1      1
      1133.783802135     2         C3         184651        84651      0      -
      1133.783998430     2         C8        3481068      2681068      0      -
      1133.783998857     1         C8        3481588      2681588      0      -
      1133.784027869     3         C6        3452567      3252567      1      1
      1133.784996405     0         C8        2483066      1683066      0      -
      1133.787510622     1         C8        3562571      2762571      0      -
      1133.787512155     2         C8           5565      -794435      1      0
      1133.787513311     0         C8        3560063      2760063      0      -
      1133.787513759     3         C8        3559442      2759442      0      -
      1133.787532645     2        C10       10204633      5204633      0      -
      1133.791116721     0         C8        3289277      2489277      0      -
      1133.791120597     3         C8        3285436      2485436      0      -
      1133.791147847     1         C8        3258134      2458134      0      -
      1133.794457386     0         C6         980680       780680      1      1
      1133.794457631     3         C8        3279494      2479494      0      -
      1133.794457639     1         C8        3279481      2479481      0      -
      1133.795500266     0         C8        2236979      1436979      0      -
      1133.797790343     3         C8        3279613      2479613      0      -
      1133.797790357     0         C8        3279363      2479363      0      -
      1133.797790402     1         C8        3279549      2479549      0      -
      1133.797808702     2        C10        9927310      4927310      0      -
      1133.801113282     3         C8        3290491      2490491      0      -
      1133.801119990     0         C8        3283870      2483870      0      -
      1133.801174745     1         C8        3229040      2429040      0      -
      1133.804445413     0         C8        3290534      2490534      0      -
      1133.804452269     1         C8        3283577      2483577      0      -
      1133.804455831     3         C8        3279996      2479996      0      -
      1133.807780452     3         C8        3286673      2486673      0      -
      1133.807780455     1         C8        3286650      2486650      0      -
      1133.807788526     0         C8        3278710      2478710      0      -
      1133.807804904     2        C10       89685672     84685672      0      -
      1133.811118965     1         C8        3286003      2486003      0      -
      1133.811119090     3         C8        3285880      2485880      0      -
      1133.811135243     0        C10        9822739      4822739      0      -
      1133.814454691     3        C10       83035978     78035978      0      -
      1133.814475408     1         C8        3261325      2461325      0      -
      1133.817783379     1         C8        3174895      2374895      0      -
      1133.821001037     1         C8        3380464      2580464      0      -
      1133.821060369     0        C10       25423777     20423777      0      -
      1133.824433145     1        C10      180055211    175055211      0      -
      1133.846580543     0        C10       25416772     20416772      0      -
      1133.872088530     0        C10       25402016     20402016      0      -
      1133.897555661     2        C10           9223     -4990777      1      0
      1133.897572231     3         C8        3444606      2644606      0      -
      1133.897588280     2        C10        6865432      1865432      0      -
      1133.897593295     0        C10       24030481     19030481      0      -
      1133.901059120     3         C8        3289349      2489349      0      -
      1133.904407073     3         C8        3281943      2481943      0      -
      1133.904565935     2        C10       96523766     91523766      0      -
      1133.907725198     3         C8        3301182      2501182      0      -
      1133.911068298     3        C10       89910934     84910934      0      -
      1133.921720526     0         C6         981902       781902      1      1
      1133.922799662     0        C10       25364466     20364466      0      -
      1133.948301278     0        C10       25350381     20350381      0      -
      1133.973777157     0        C10       25376054     20376054      0      -
      1133.999271002     0        C10        8403250      3403250      0      -
      1134.001056896     3        C10        3495084     -1504916      1      0
      1134.001159430     2        C10        7049188      2049188      0      -
      1134.004697394     3         C8        2976967      2176967      0      -
      1134.004731505     1        C10        3087121     -1912879      1      0
      1134.007720975     3         C8        3290743      2490743      0      -
      1134.007765301     0        C10         549761     -4450239      1      0
      1134.008246012     1        C10      492921439    487921439      0      -
      1134.008423321     2        C10      109239911    104239911      0      -
      1134.008524135     0        C10       15830896     10830896      0      -
      1134.011055496     3         C8        3287847      2487847      0      -
      1134.014388705     3         C8        3280715      2480715      0      -
      1134.017720923     3         C8        3275297      2475297      0      -
      1134.021061535     3         C8        3267079      2467079      0      -
      1134.024381110     3         C8        3285130      2485130      0      -
      1134.024455770     0        C10        1355863     -3644137      1      0
      1134.025887830     0        C10       23950432     18950432      0      -
      1134.027712248     3         C8        3284898      2484898      0      -
      1134.031064651     3        C10       73264168     68264168      0      -
      1134.049959024     0        C10       14386107      9386107      0      -
      1134.064431502     0        C10       10846973      5846973      0      -
      1134.075403290     0        C10       25361817     20361817      0      -
      1134.100902503     0        C10       16760590     11760590      0      -
      1134.104403083     3        C10       13361665      8361665      0      -
      1134.117785045     2        C10      104385872     99385872      0      -
      1134.117785057     0        C10        8451243      3451243      0      -
      1134.117810642     3        C10       89851234     84851234      0      -
      1134.126342616     0        C10       25362749     20362749      0      -
      1134.151843971     0        C10       25345714     20345714      0      -
      1134.177311165     0        C10       25376898     20376898      0      -
      1134.202800117     0        C10       25371370     20371370      0      -
      1134.207732725     3        C10      103265150     98265150      0      -
      1134.222292324     2        C10      108580296    103580296      0      -
      1134.228276091     0        C10       25363549     20363549      0      -
      1134.253771369     0        C10       25354279     20354279      0      -
      1134.279248870     0        C10       25379038     20379038      0      -
      1134.304738416     0        C10       25373271     20373271      0      -
      1134.311105486     3        C10      192968357    187968357      0      -
      1134.330216521     0        C10       25361880     20361880      0      -
      1134.330979509     2        C10       91582340     86582340      0      -
      1134.355710461     0        C10       25352520     20352520      0      -
      1134.381204064     0        C10       25350010     20350010      0      -
      1134.406691154     0        C10       15870689     10870689      0      -
      1134.422689508     2        C10       69853396     64853396      0      -
      1134.422689651     0        C10        9327470      4327470      0      -
      1134.432140988     0        C10       25359403     20359403      0      -
      1134.457631377     0        C10       25355737     20355737      0      -
      1134.483109935     0        C10       18057401     13057401      0      -
      1134.492712388     2        C10        8454954      3454954      0      -
      1134.501382145     0        C10         100699     -4899301      1      0
      1134.501514073     2         C8         771614       -28386      1      0
      1134.501547677     1         C8        2491279      1691279      0      -
      1134.502342104     0         C8         425275      -374725      1      0
      1134.502812622     2         C8          52524      -747476      1      0
      1134.502885423     0         C8          50706      -749294      1      0
      1134.502986827     2         C6          83152      -116848      1      0
      1134.503130082     0         C6          12182      -187818      1      0
      1134.503222445     0         C6          68043      -131957      1      0
      1134.503332045     2         C6          37723      -162277      1      0
      1134.503387980     0         C6          62746      -137254      1      0
      1134.503501420     2         C3          15114       -84886      1      0
      1134.503535396     0         C6          43511      -156489      1      0
      1134.503627848     2         C3          21191       -78809      1      0
      1134.503666921     0        C1E          51330        31330      0      -
      1134.503769646     2        C1E           6929       -13071      1      0
      1134.503793146     0        C1E          36691        16691      0      -
      1134.503879367     2         C1           8452         6452      0      -
      1134.503904175     0        C1E          37871        17871      0      -
      1134.504085671     2         C1         336556       334556      1      1
      1134.504087677     0        C1E         106304        86304      0      -
      1134.504117901     3        C10      110354172    105354172      0      -
      1134.504271609     0        C1E          22531         2531      0      -
      1134.504392018     0        C1E          79975        59975      0      -
      1134.504435983     2         C1        2894932      2892932      1      1
      1134.504509133     1         C8          33478      -766522      1      0
      1134.504549993     0        C1E         486641       466641      1      1
      1134.505102363     0        C1E         381857       361857      1      1
      1134.505629197     0         C8          96169      -703831      1      0
      1134.505853891     0         C6        1479900      1279900      1      1
      1134.505860149     1         C8        1539381       739381      0      -
      1134.507432697     0         C6         612750       412750      0      -
      1134.507443737     2         C1        3213076      3211076      1      1
      1134.507452195     1         C8        2344909      1544909      0      -
      1134.508076280     0        C1E          53247        33247      0      -
      1134.508276372     0         C8        1442798       642798      0      -
      1134.509797576     0         C6         858746       658746      0      -
      1134.509869025     1         C6         827468       627468      0      -
      1134.510688758     2         C8        3374689      2574689      0      -
      1134.510725479     1         C8        3337870      2537870      0      -
      1134.510733820     0        C10         407088     -4592912      1      0
      1134.511228625     0         C6        2035755      1835755      1      1
      1134.513288525     0        C10        3594377     -1405623      1      0
      1134.514105742     1         C8        2849213      2049213      0      -
      1134.514133034     2         C8        3106656      2306656      0      -
      1134.517026735     0        C10          58126     -4941874      1      0
      1134.517131927     1        C1E         188763       168763      1      1
      1134.517184750     0        C10          52421     -4947579      1      0
      1134.517243701     0        C10          58354     -4941646      1      0
      1134.517247177     2         C8          54976      -745024      1      0
      1134.517308017     2         C8          24472      -775528      1      0
      1134.517308040     0        C10       16236442     11236442      0      -
      1134.517370944     1         C8        3612793      2812793      0      -
      1134.517381992     2         C8        3601690      2801690      0      -
      1134.521029053     1         C8        3267764      2467764      0      -
      1134.521029560     2         C8        3267262      2467262      0      -
      1134.524345795     1         C8        3277715      2477715      0      -
      1134.524388498     2        C10      113405104    108405104      0      -
      1134.527690841     1        C10        5944591       944591      0      -
      1134.533682296     0        C10       16550098     11550098      0      -
      1134.533766764     1        C10       90486929     85486929      0      -
      1134.550307537     0         C9        8753576      3753576      1      1
      1134.559192373     0        C10       11818818      6818818      0      -
      1134.571132773     0        C10       13403284      8403284      0      -
      1134.584667408     0        C10       25379976     20379976      0      -
      1134.610170024     0         C6         556464       356464      0      -
      1134.610777061     0         C8        3572478      2772478      0      -
      1134.614398587     0        C10        8637772      3637772      0      -
      1134.614533106     3        C10       23130149     18130149      0      -
      1134.623179609     0        C10       12357943      7357943      0      -
      1134.624371662     1        C10      161915204    156915204      0      -
      1134.635641330     0        C10       25364191     20364191      0      -
      1134.637797934     3        C10      148030955    143030955      0      -
      1134.637834620     2        C10      119879894    114879894      0      -
      1134.661156495     0        C10       25353331     20353331      0      -
      1134.686623641     0        C10       25358747     20358747      0      -
      1134.712111637     0        C10       25358038     20358038      0      -
      1134.737591080     0        C10       20086343     15086343      0      -
      1134.757733923     0         C8        5238546      4438546      1      1
      1134.757792510     2        C10       28661657     23661657      0      -
      1134.763076709     0        C10       22306135     17306135      0      -
      1134.785788520     0         C8         286202      -513798      1      0
      1134.786033416     3        C10         603984     -4396016      1      0
