          Time-Start   CPU    C-State      Sleep[ns]    Delta[ns]   Miss  Below
      4908.165460454     2         C1        1048566      1046566      1      1
      4908.166521564     2        C10         220164     -4779836      1      0
      4908.287387267     2        C1E          15568        -4432      1      0
      4908.464242923     2        C10        4458075      -541925      1      0
      4908.469195027     2        C10        6001909      1001909      0      -
      4908.586556235     2        C10        8452049      3452049      0      -
      4908.705866145     2        C10        9688530      4688530      0      -
      4908.826624240     2        C10        3575590     -1424410      1      0
      4908.830710289     2        C10        6093686      1093686      0      -
      4908.947020355     2        C10        3613874     -1386126      1      0
      4908.951078036     2        C10       10905310      5905310      0      -
      4909.072552343     2        C10        9125001      4125001      0      -
      4909.193968172     2        C10         652637     -4347363      1      0
      4909.195067626     2        C10        9415203      4415203      0      -
      4909.315393743     2        C10       11382596      6382596      0      -
      4909.437359969     2        C10       18880302     13880302      0      -
      4909.628685270     2        C10        3882942     -1117058      1      0
      4909.861491619     2        C10          57089     -4942911      1      0
      4909.861553890     2        C10          27403     -4972597      1      0
      4909.862057457     2        C10        5424122       424122      0      -
      4909.978570434     2        C10       16016410     11016410      0      -
      4910.105127780     2        C10       13198316      8198316      0      -
      4910.118769809     2        C10        8783020      3783020      0      -
      4910.237944250     2        C10       18951028     13951028      0      -
      4910.367836308     2        C10       19136739     14136739      0      -
      4910.386993114     2        C10          54684     -4945316      1      0
      4910.387050065     2        C10          30437     -4969563      1      0
      4910.498266770     2        C10        4851696      -148304      1      0
      4910.503627394     2        C10         566880     -4433120      1      0
      4910.955055908     2        C10         329666     -4670334      1      0
      4910.955871189     2        C10        1064577     -3935423      1      0
      4911.291402095     2        C10        2816095     -2183905      1      0
      4911.970685635     2        C10        2798887     -2201113      1      0
      4911.973995513     2        C10        5298227       298227      0      -
      4912.429315057     2        C10       12348571      7348571      0      -
      4912.552596938     2        C10        1901392     -3098608      1      0
      4912.555016951     2        C10       27391026     22391026      0      -
      4912.695842341     2        C10        7701430      2701430      0      -
      4912.704049207     2        C10       17637978     12637978      0      -
      4912.838275562     2        C10       20921071     15921071      0      -
      4912.859654129     2        C10       13913137      8913137      0      -
      4912.984963740     2        C10        7071415      2071415      0      -
      4912.992485085     2        C10       15045499     10045499      0      -
      4913.118834308     2        C10        5415940       415940      0      -
      4913.124723442     2        C10       23841689     18841689      0      -
      4913.258943491     2        C10        1204283     -3795717      1      0
      4913.260592610     2        C10        7964926      2964926      0      -
      4913.489323476     2        C10       10970431      5970431      0      -
      4913.500299998     2        C10          72888     -4927112      1      0
      4913.500375342     2        C10        2604608     -2395392      1      0
      4913.626184841     2        C10       19832548     14832548      0      -
      4913.869792683     2        C10       18688658     13688658      0      -
      4913.999942580     2        C10       16410329     11410329      0      -
      4914.126844937     2        C10       13516435      8516435      0      -
      4914.140811255     2        C10        8791517      3791517      0      -
      4914.260537493     2        C10       12760451      7760451      0      -
      4914.273799000     2        C10        3023061     -1976939      1      0
      4914.392475467     2        C10       35094387     30094387      0      -
      4914.543650323     2        C10        3253090     -1746910      1      0
      4914.547357025     2        C10        9388476      4388476      0      -
      4914.668031236     2        C10        5172947       172947      0      -
      4914.784145671     2        C10       26943722     21943722      0      -
      4914.811586605     2        C10        2929469     -2070531      1      0
      4914.925060481     2        C10        4257391      -742609      1      0
      4915.040229148     2        C10        5201100       201100      0      -
      4915.165400903     2        C10        6779241      1779241      0      -
      4915.172707355     2        C10        3696324     -1303676      1      0
      4915.287264091     2        C10       22715296     17715296      0      -
      4915.420509645     2        C10        9141785      4141785      0      -
      4915.430212267     2        C10       22653417     17653417      0      -
      4915.564259544     2        C10        5132922       132922      0      -
      4915.569905061     2        C10        6822582      1822582      0      -
      4915.797888088     2        C10        4467127      -532873      1      0
      4915.802805512     2        C10        5626190       626190      0      -
      4916.033307289     2        C10       12275770      7275770      0      -
      4916.155973623     2        C10        9798961      4798961      0      -
      4916.166216294     2        C10       15461062     10461062      0      -
      4916.293751033     2        C10        8941389      3941389      0      -
      4916.755102497     2        C10        5458426       458426      0      -
      4916.871490761     2        C10        3116585     -1883415      1      0
      4916.875126083     2        C10       18446902     13446902      0      -
      4917.006167065     2        C10        9392561      4392561      0      -
      4917.016009300     2        C10        4229789      -770211      1      0
      4917.130531344     2        C10          54897     -4945103      1      0
      4917.130589920     2        C10          59237     -4940763      1      0
      4917.131030426     2        C10       11130639      6130639      0      -
      4917.252568264     2        C10       15243722     10243722      0      -
      4917.268257211     2        C10       14918498      9918498      0      -
      4917.283630988     2        C10        6323671      1323671      0      -
      4917.406480896     2        C10        8036803      3036803      0      -
      4917.414961348     2        C10       21967258     16967258      0      -
      4917.553026926     2        C10          54832     -4945168      1      0
      4917.553084461     2        C10          66640     -4933360      1      0
      4917.553152651     2        C10       17084761     12084761      0      -
      4917.570708771     2        C10       14739354      9739354      0      -
      4917.697134025     2        C10       22044268     17044268      0      -
      4917.830350572     2        C10        9665171      4665171      0      -
      4918.176836910     2        C10        2562051     -2437949      1      0
      4918.291418164     2        C10        4680641      -319359      1      0
      4918.406679114     2        C10        5450805       450805      0      -
      4918.526394345     2        C10          54771     -4945229      1      0
      4918.526452297     2        C10        5618453       618453      0      -
      4918.643867023     2        C10        3760140     -1239860      1      0
      4918.758624101     2        C10       13806957      8806957      0      -
      4918.887753196     2        C10       18792656     13792656      0      -
      4919.017638405     2        C10        7788634      2788634      0      -
      4919.025885222     2        C10       13469822      8469822      0      -
      4919.151163047     2        C10       11359308      6359308      0      -
      4919.162965446     2        C10       15879360     10879360      0      -
      4919.179292859     2        C10        9533697      4533697      0      -
      4919.302646461     2        C10        9128628      4128628      0      -
      4919.422431522     2        C10        7329287      2329287      0      -
      4919.662812652     2        C10        6422054      1422054      0      -
      4919.669741179     2        C10          55771     -4944229      1      0
      4919.669800102     2        C10        7804483      2804483      0      -
      4919.788173608     2        C10        6290775      1290775      0      -
      4919.794967264     2        C10        5894600       894600      0      -
      4919.967724859     2        C10       15903017     10903017      0      -
      4920.375661907     2        C10       22078875     17078875      0      -
      4920.626104122     2        C10       15147172     10147172      0      -
      4920.641694786     2        C10        7847028      2847028      0      -
      4921.037530803     2        C10        7997687      2997687      0      -
      4921.161186920     2        C10        7884501      2884501      0      -
      4921.169529562     2        C10       10764157      5764157      0      -
      4921.291486055     2        C10       10919062      5919062      0      -
      4921.413082319     2        C10          54805     -4945195      1      0
      4921.413140617     2        C10        6061688      1061688      0      -
      4921.872213611     2        C10        8229551      3229551      0      -
      4921.880961170     2        C10       13579825      8579825      0      -
      4922.005117816     2        C10       13810107      8810107      0      -
      4922.130170709     2        C10       11401412      6401412      0      -
      4922.768368295     2        C10        1589314     -3410686      1      0
      4923.101833803     2        C10        7216208      2216208      0      -
      4923.220286755     2        C10        7010667      2010667      0      -
      4923.341523787     2        C10       18033573     13033573      0      -
      4923.470645308     2        C10       19416947     14416947      0      -
      4923.602302418     2        C10        9595178      4595178      0      -
      4923.722856430     2        C10        4956159       -43841      1      0
      4924.062730716     2        C10        3651242     -1348758      1      0
      4924.066907893     2        C10          55655     -4944345      1      0
      4924.066966490     2        C10          67273     -4932727      1      0
      4924.067035391     2        C10       12947280      7947280      0      -
      4924.194980422     2        C10       18278790     13278790      0      -
      4924.213727113     2        C10        6088834      1088834      0      -
      4924.331437892     2        C10       15000061     10000061      0      -
      4924.457862370     2        C10       11307717      6307717      0      -
      4924.586240160     2        C10        2240427     -2759573      1      0
      4924.588977155     2        C10       23408718     18408718      0      -
      4924.724047008     2        C10       32441796     27441796      0      -
      4924.872872970     2        C10        4693820      -306180      1      0
      4924.878001597     2        C10        1959786     -3040214      1      0
      4924.991386508     2        C10        5488535       488535      0      -
      4924.997358669     2        C10          56012     -4943988      1      0
      4924.997418011     2        C10          68772     -4931228      1      0
      4924.997488323     2        C10          71788     -4928212      1      0
      4925.275256829     2        C10         701919     -4298081      1      0
      4925.276401022     2        C10          55487     -4944513      1      0
      4925.276459291     2        C10         562991     -4437009      1      0
      4925.387388211     2        C10        7855736      2855736      0      -
      4925.507003732     2        C10         715211     -4284789      1      0
      4925.625075562     2        C10        1333486     -3666514      1      0
      4925.626431246     2        C10       16989078     11989078      0      -
      4925.643869804     2        C10         925341     -4074659      1      0
      4925.755830929     2        C10       25359179     20359179      0      -
      4925.781671243     2        C10        2637534     -2362466      1      0
      4925.895225181     2        C10       13036924      8036924      0      -
      4926.018998787     2        C10       12994151      7994151      0      -
      4926.032436828     2        C10        9293180      4293180      0      -
      4926.152211627     2        C10       12263813      7263813      0      -
      4926.164917121     2        C10        9610530      4610530      0      -
      4926.285436852     2        C10        5666463       666463      0      -
      4926.291548236     2        C10       31473605     26473605      0      -
      4926.441346121     2        C10       27781627     22781627      0      -
      4926.585076084     2        C10       31110357     26110357      0      -
      4926.729058070     2        C10        3524330     -1475670      1      0
      4926.843934316     2        C10       13486195      8486195      0      -
      4926.857935186     2        C10       11170430      6170430      0      -
      4926.869594645     2        C10        1480991     -3519009      1      0
      4926.982191653     2        C10       18095940     13095940      0      -
      4927.115934879     2        C10        4314587      -685413      1      0
      4927.120802253     2        C10        5353650       353650      0      -
      4927.237305788     2        C10       16136230     11136230      0      -
      4927.253949950     2        C10       19672260     14672260      0      -
      4927.385781228     2        C10        7930630      2930630      0      -
      4927.620351162     2        C10       10911250      5911250      0      -
      4927.631738684     2        C10         820265     -4179735      1      0
      4927.743757377     2        C10       10940457      5940457      0      -
      4927.871911864     2        C10       19344971     14344971      0      -
      4928.002299888     2        C10        7736238      2736238      0      -
      4928.287074911     2        C10        3036976     -1963024      1      0
      4928.401655875     2        C10        2661382     -2338618      1      0
      4928.519669043     2        C10          54941     -4945059      1      0
      4928.519726556     2        C10          66862     -4933138      1      0
      4928.519795023     2        C10        3654037     -1345963      1      0
      4928.696613549     2        C10        6545907      1545907      0      -
      4928.703658032     2        C10        7588520      2588520      0      -
      4928.822492601     2        C10        2588468     -2411532      1      0
      4928.935709089     2        C10       23085908     18085908      0      -
      4928.959242086     2        C10        5919502       919502      0      -
      4929.076928581     2        C10       15763869     10763869      0      -
      4929.093137244     2        C10        8832046      3832046      0      -
      4929.212338329     2        C10        5113307       113307      0      -
      4929.217897099     2        C10       12446953      7446953      0      -
      4929.230786210     2        C10        8965405      3965405      0      -
      4929.239758790     2        C10        2571084     -2428916      1      0
      4929.361156896     2        C10        6442196      1442196      0      -
      4929.368042539     2        C10        5149031       149031      0      -
      4929.484851210     2        C10       12153206      7153206      0      -
      4929.497504927     2        C10        3765267     -1234733      1      0
      4929.895329471     2        C10       25639160     20639160      0      -
      4929.921494258     2        C10        5150868       150868      0      -
      4930.039344065     2        C10       10101608      5101608      0      -
      4930.049892602     2        C10       11898055      6898055      0      -
      4930.180007907     2        C10       31254520     26254520      0      -
      4930.211789696     2        C10       11330892      6330892      0      -
      4930.340611592     2        C10       16138442     11138442      0      -
      4930.357271278     2        C10        2856274     -2143726      1      0
      4930.806323482     2        C10        7359040      2359040      0      -
      4930.813688936     2        C10          73892     -4926108      1      0
      4930.813765070     2        C10          10222     -4989778      1      0
      4930.932720661     2        C10        6843597      1843597      0      -
      4930.940146662     2        C10       10068776      5068776      0      -
      4931.061415099     2        C10       18124554     13124554      0      -
      4931.190383538     2        C10        1975518     -3024482      1      0
      4931.192810192     2        C10       12876899      7876899      0      -
      4931.316544552     2        C10       17108635     12108635      0      -
      4931.444361885     2        C10       11212602      6212602      0      -
      4931.456021927     2        C10       16798078     11798078      0      -
      4931.589379885     2        C10        5596051       596051      0      -
      4931.595448550     2        C10       13578526      8578526      0      -
      4931.609471674     2        C10       17413595     12413595      0      -
      4931.739420182     2        C10        6657001      1657001      0      -
      4931.746594580     2        C10       10947953      5947953      0      -
      4931.758008673     2        C10        1908050     -3091950      1      0
      4931.871680346     2        C10       14192068      9192068      0      -
      4931.886318052     2        C10         418533     -4581467      1      0
      4931.997544280     2        C10       14347431      9347431      0      -
      4932.123279762     2        C10        7849082      2849082      0      -
      4932.131571653     2        C10         932004     -4067996      1      0
      4932.243226255     2        C10        3457716     -1542284      1      0
      4932.709639445     2        C10         494151     -4505849      1      0
      4932.710587678     2        C10        3468955     -1531045      1      0
      4932.825543325     2        C10          54998     -4945002      1      0
      4932.825601498     2        C10          67796     -4932204      1      0
      4932.826071091     2        C10       23939922     18939922      0      -
      4932.850519833     2        C10        9485132      4485132      0      -
      4932.971946853     2        C10        1557643     -3442357      1      0
      4933.316196242     2        C10        5526662       526662      0      -
      4933.432935635     2        C10        2892971     -2107029      1      0
      4933.552390362     2        C10       14529873      9529873      0      -
      4933.679855070     2        C10       10476127      5476127      0      -
      4933.801613587     2        C10       13592883      8592883      0      -
      4933.815652228     2        C10       10942219      5942219      0      -
      4933.943240832     2        C10        9831261      4831261      0      -
      4933.953560281     2        C10       18444952     13444952      0      -
      4934.083446746     2        C10       16784844     11784844      0      -
      4934.211047749     2        C10       18173934     13173934      0      -
      4934.229757163     2        C10          55621     -4944379      1      0
      4934.229815801     2        C10       12217918      7217918      0      -
      4934.352956998     2        C10       10676104      5676104      0      -
      4934.363639203     2        C10          69869     -4930131      1      0
      4934.363711508     2        C10          27430     -4972570      1      0
      4934.653442383     2        C10       11267481      6267481      0      -
      4934.775612083     2        C10       11282447      6282447      0      -
      4934.897630191     2        C10        5119155       119155      0      -
      4934.903201151     2        C10        7364570      2364570      0      -
      4935.021422333     2        C10        2023599     -2976401      1      0
      4935.023952595     2        C10        4481187      -518813      1      0
      4935.252481242     2        C10        7179727      2179727      0      -
      4935.377965332     2        C10       10524410      5524410      0      -
      4935.615278348     2        C10        4380092      -619908      1      0
      4935.620229415     2        C10         616204     -4383796      1      0
      4935.843925406     2        C10        8438669      3438669      0      -
      4936.074880627     2        C10          54888     -4945112      1      0
      4936.074938299     2        C10          67673     -4932327      1      0
      4936.075007532     2        C10          31355     -4968645      1      0
      4936.193768171     2        C10        2379292     -2620708      1      0
      4936.196764826     2        C10        4951423       -48577      1      0
      4936.479217266     2        C10        1724963     -3275037      1      0
      4936.600059329     2        C10       10214209      5214209      0      -
      4936.721837974     2        C10       15488253     10488253      0      -
      4936.737841691     2        C10        3295077     -1704923      1      0
      4936.968842424     2        C10        2253893     -2746107      1      0
      4936.971541617     2        C10        2018253     -2981747      1      0
      4937.085964052     2        C10        7858727      2858727      0      -
      4937.205035658     2        C10        1771600     -3228400      1      0
      4937.207254518     2        C10       21883656     16883656      0      -
      4937.341227886     2        C10        2338665     -2661335      1      0
      4937.636357576     2        C10          55345     -4944655      1      0
      4937.636415776     2        C10          68832     -4931168      1      0
      4937.636486313     2        C10        1874002     -3125998      1      0
      4937.749704515     2        C10          55752     -4944248      1      0
      4937.749763650     2        C10          67844     -4932156      1      0
      4937.749833233     2        C10        3793444     -1206556      1      0
      4937.754127308     2        C10       15813448     10813448      0      -
      4937.770392145     2        C10          58087     -4941913      1      0
      4937.883495086     2        C10       11209741      6209741      0      -
      4937.895143902     2        C10        5053805        53805      0      -
      4938.010917376     2        C10       11887241      6887241      0      -
      4938.023276011     2        C10       17465029     12465029      0      -
      4938.152548052     2        C10        8451154      3451154      0      -
      4938.161440929     2        C10        2122670     -2877330      1      0
      4938.274940061     2        C10        1363859     -3636141      1      0
      4938.786844022     2        C10        2969637     -2030363      1      0
      4938.900610362     2        C10        1317362     -3682638      1      0
      4938.902418485     2        C10       24006614     19006614      0      -
      4939.037554519     2        C10        3597525     -1402475      1      0
      4939.041600156     2        C10       20994181     15994181      0      -
      4939.178300730     2        C10       14246974      9246974      0      -
      4939.588031525     2        C10       10571174      5571174      0      -
      4939.886653569     2        C10         873215     -4126785      1      0
      4940.332963866     2        C10        6170522      1170522      0      -
      4940.450951012     2        C10        6050922      1050922      0      -
      4940.457501000     2        C10        6903739      1903739      0      -
      4940.704178747     2        C10        2717771     -2282229      1      0
      4940.985963241     2        C10       13941579      8941579      0      -
      4941.110961291     2        C10        7438445      2438445      0      -
      4941.348375741     2        C10        7892345      2892345      0      -
      4941.524213817     2        C10        7965317      2965317      0      -
      4941.643686534     2        C10       13622618      8622618      0      -
      4941.658063850     2        C10       14082214      9082214      0      -
      4941.783417557     2        C10       16810154     11810154      0      -
      4941.800671522     2        C10        3414811     -1585189      1      0
      4941.915549146     2        C10        9628698      4628698      0      -
      4942.037171172     2        C10       10317692      5317692      0      -
      4942.166800298     2        C10       16608369     11608369      0      -
      4942.294556399     2        C10       30115859     25115859      0      -
      4942.436350224     2        C10          54845     -4945155      1      0
      4942.436407934     2        C10          67330     -4932670      1      0
      4942.436476760     2        C10       13756128      8756128      0      -
      4942.567444136     2        C10       19284717     14284717      0      -
      4942.811674431     2        C10        6779408      1779408      0      -
      4942.938305911     2        C10        4718927      -281073      1      0
      4943.055283794     2        C10        5666175       666175      0      -
      4943.228381163     2        C10        1619330     -3380670      1      0
      4943.341193342     2        C10       19886407     14886407      0      -
      4943.473193578     2        C10       21102519     16102519      0      -
      4943.615618786     2        C10         435747     -4564253      1      0
      4943.840310323     2        C10        1498445     -3501555      1      0
      4943.953617818     2        C10        9942480      4942480      0      -
      4943.964008225     2        C10       20465000     15465000      0      -
      4944.095472915     2        C10        2129953     -2870047      1      0
      4944.098046578     2        C10       16117685     11117685      0      -
      4944.114610942     2        C10       16336083     11336083      0      -
      4944.131461594     2        C10        9332427      4332427      0      -
      4944.258169016     2        C10        8798260      3798260      0      -
      4944.267414572     2        C10        9475923      4475923      0      -
      4944.393797940     2        C10         655159     -4344841      1      0
      4944.905421454     2        C10        6534780      1534780      0      -
      4945.025411596     2        C10        8572658      3572658      0      -
      4945.034433168     2        C10        3180273     -1819727      1      0
      4945.153906942     2        C10       18730841     13730841      0      -
      4945.284735603     2        C10       10899672      5899672      0      -
      4945.296085851     2        C10        6646935      1646935      0      -
      4945.414111896     2        C10       12754850      7754850      0      -
      4945.544330042     2        C10       10178078      5178078      0      -
      4945.554950172     2        C10        8566229      3566229      0      -
      4945.679066752     2        C10        7017476      2017476      0      -
      4945.916460895     2        C10       11705430      6705430      0      -
      4946.040087668     2        C10       14942858      9942858      0      -
      4946.166696246     2        C10       19955599     14955599      0      -
      4946.298221372     2        C10        1838930     -3161070      1      0
      4946.410975798     2        C10        5919907       919907      0      -
      4946.417346383     2        C10        4016301      -983699      1      0
      4946.660199463     2        C10        9691747      4691747      0      -
      4946.782004536     2        C10       21450425     16450425      0      -
      4946.914392257     2        C10       15147721     10147721      0      -
      4947.041080228     2        C10        5176443       176443      0      -
      4947.046797091     2        C10        9594242      4594242      0      -
      4947.167696983     2        C10       17601798     12601798      0      -
      4947.297168830     2        C10       12229821      7229821      0      -
      4947.309856599     2         C9        4705786      -294214      1      0
      4947.544399698     2        C10       16822545     11822545      0      -
      4947.561744929     2        C10        5150294       150294      0      -
      4947.678161714     2        C10       13392410      8392410      0      -
      4947.692001201     2        C10        4540991      -459009      1      0
      4947.808343275     2        C10       14417603      9417603      0      -
      4947.823220983     2        C10        1461470     -3538530      1      0
      4947.936333635     2        C10          54726     -4945274      1      0
      4947.936391387     2        C10          67269     -4932731      1      0
      4947.936460254     2        C10       19743991     14743991      0      -
      4948.068168912     2        C10         872740     -4127260      1      0
      4948.069488151     2        C10       21709444     16709444      0      -
      4948.205294650     2        C10        1540647     -3459353      1      0
      4948.319625357     2        C10       18018810     13018810      0      -
      4948.449088386     2        C10        8157828      3157828      0      -
      4948.578650807     2        C10       16783109     11783109      0      -
      4948.707507670     2        C10       24075784     19075784      0      -
      4948.732067775     2        C10       11933250      6933250      0      -
      4948.863008329     2        C10          54954     -4945046      1      0
      4948.863065545     2        C10          68966     -4931034      1      0
      4948.863136172     2        C10       25808699     20808699      0      -
      4949.000570910     2        C10        2966387     -2033613      1      0
      4949.003994589     2        C10       20324573     15324573      0      -
      4949.024831714     2        C10        8432826      3432826      0      -
      4949.145425521     2        C10       11163910      6163910      0      -
      4949.268080365     2        C10        7406077      2406077      0      -
      4949.275944282     2        C10       10545819      5545819      0      -
      4949.397473374     2        C10        6930633      1930633      0      -
      4949.404896366     2        C10       10251998      5251998      0      -
      4949.530375646     2        C10       19998712     14998712      0      -
      4949.550858858     2        C10        2774141     -2225859      1      0
      4949.672170441     2        C10       11227217      6227217      0      -
      4949.683856737     2        C10       13709943      8709943      0      -
      4949.809644185     2        C10        7696956      2696956      0      -
      4949.817783143     2        C10        6933609      1933609      0      -
      4949.936128749     2        C10        1647045     -3352955      1      0
      4950.048993285     2        C10       19074201     14074201      0      -
      4950.180554032     2        C10       19018066     14018066      0      -
      4950.200084929     2        C10       15056606     10056606      0      -
      4950.326210710     2        C10        8404373      3404373      0      -
      4950.335032653     2        C10       17102702     12102702      0      -
      4950.464796411     2        C10       11913834      6913834      0      -
      4950.760828581     2        C10        5255086       255086      0      -
      4950.766630119     2        C10       18967927     13967927      0      -
      4950.900341584     2        C10        3279239     -1720761      1      0
      4951.241765903     2        C10        5133325       133325      0      -
      4951.358478546     2        C10        6782748      1782748      0      -
      4951.365703555     2        C10       27962288     22962288      0      -
      4951.507471613     2        C10       18855803     13855803      0      -
      4951.638707199     2        C10       20655076     15655076      0      -
      4951.771227848     2        C10       19612276     14612276      0      -
      4952.074903156     2        C10       10606103      5606103      0      -
      4952.196977558     2        C10       24025235     19025235      0      -
      4952.221515199     2        C10        9911139      4911139      0      -
      4952.343551988     2        C10       14757017      9757017      0      -
      4952.469901936     2        C10       16516341     11516341      0      -
      4952.608975459     2        C10       14188282      9188282      0      -
      4952.735480106     2        C10       17647912     12647912      0      -
      4952.865780845     2        C10        5145916       145916      0      -
      4953.149327918     2        C10        3705444     -1294556      1      0
      4953.382863272     2        C10        3124301     -1875699      1      0
      4953.497603852     2        C10        2684279     -2315721      1      0
      4953.500295983     2        C10          72734     -4927266      1      0
      4953.500370499     2        C10        5661763       661763      0      -
      4953.620262836     2        C10        1987859     -3012141      1      0
      4953.845696786     2        C10       19849141     14849141      0      -
      4953.977219485     2        C10       12262630      7262630      0      -
      4954.498289390     2        C10       10525370      5525370      0      -
      4954.620086917     2        C10        3541046     -1458954      1      0
      4954.623635274     2        C10          68987     -4931013      1      0
      4954.623705734     2        C10          32886     -4967114      1      0
      4954.792073949     2        C10       14074728      9074728      0      -
      4955.033154449     2        C10        3766911     -1233089      1      0
      4955.260168926     2        C10        4101038      -898962      1      0
      4955.264775257     2        C10        8075129      3075129      0      -
      4955.384086038     2        C10        6691830      1691830      0      -
      4955.618555452     2        C10       23799043     18799043      0      -
      4955.642841267     2        C10         357164     -4642836      1      0
      4955.755506474     2        C10        2182898     -2817102      1      0
      4955.758195897     2        C10        8029938      3029938      0      -
      4955.877775269     2        C10        5754231       754231      0      -
      4955.883979460     2        C10       21718670     16718670      0      -
      4956.017990085     2        C10       11621322      6621322      0      -
      4956.030178479     2        C10        3982097     -1017903      1      0
      4956.146342752     2        C10          55541     -4944459      1      0
      4956.146401965     2        C10          67040     -4932960      1      0
      4956.146470715     2        C10        2826056     -2173944      1      0
      4956.149805537     2        C10       13857601      8857601      0      -
      4956.275241814     2        C10       17829556     12829556      0      -
      4956.293078212     2        C10          69456     -4930544      1      0
      4956.293150485     2        C10       18122858     13122858      0      -
      4956.429651406     2        C10       23907224     18907224      0      -
      4956.454026830     2        C10        5465593       465593      0      -
      4956.578836616     2        C10       11244903      6244903      0      -
      4956.701801974     2        C10       26589747     21589747      0      -
      4956.728857402     2        C10       11910351      6910351      0      -
      4956.855184718     2        C10       15043342     10043342      0      -
      4956.982006907     2        C10        7629886      2629886      0      -
      4957.106994209     2        C10       23207996     18207996      0      -
      4957.242252454     2        C10        8421099      3421099      0      -
      4957.251203215     2        C10        6798937      1798937      0      -
      4957.368914530     2        C10        3928285     -1071715      1      0
      4957.484042455     2        C10        8571230      3571230      0      -
      4957.604481430     2        C10        2371714     -2628286      1      0
      4957.948190561     2        C10        4417908      -582092      1      0
      4957.953132868     2        C10       13762819      8762819      0      -
      4958.079237131     2        C10        6368557      1368557      0      -
      4958.086107663     2        C10        9827525      4827525      0      -
      4958.207130130     2        C10        6298794      1298794      0      -
      4958.324786919     2        C10        1085444     -3914556      1      0
      4958.953867900     2        C10        9590179      4590179      0      -
      4959.187054596     2        C10        6506629      1506629      0      -
      4959.304760161     2        C10       14695161      9695161      0      -
      4959.319908735     2        C10       14901132      9901132      0      -
      4959.448693571     2        C10       11638510      6638510      0      -
      4959.460823976     2        C10        4463785      -536215      1      0
      4959.583893715     2        C10       32841011     27841011      0      -
      4959.728628990     2        C10        4994058        -5942      1      0
      4959.733645160     2        C10       20708567     15708567      0      -
      4959.866252099     2        C10       11357049      6357049      0      -
      4960.109231062     2        C10       12815153      7815153      0      -
      4960.234404540     2        C10        2751682     -2248318      1      0
      4960.348588249     2        C10       11374006      6374006      0      -
      4960.471703998     2        C10       13413062      8413062      0      -
      4960.485558837     2        C10       14726259      9726259      0      -
      4960.500291815     2        C10          70545     -4929455      1      0
      4960.500364692     2        C10        4476090      -523910      1      0
      4960.621725000     2        C10       18012565     13012565      0      -
      4960.640231093     2        C10        6723564      1723564      0      -
      4960.760018150     2        C10       13589495      8589495      0      -
      4960.890554693     2        C10       15442806     10442806      0      -
      4960.906441094     2        C10          55462     -4944538      1      0
      4960.906500120     2        C10        6168195      1168195      0      -
      4961.024552164     2        C10       11836842      6836842      0      -
      4961.036947798     2        C10       16612569     11612569      0      -
      4961.054005623     2        C10        6174113      1174113      0      -
      4961.171641189     2        C10       11964019      6964019      0      -
      4961.295598596     2        C10        6576884      1576884      0      -
      4961.302908154     2        C10       17039614     12039614      0      -
      4961.431262331     2        C10        6344536      1344536      0      -
      4961.438111544     2        C10        9430282      4430282      0      -
      4961.563046552     2        C10          48016     -4951984      1      0
      4961.563097079     2        C10          54736     -4945264      1      0
      4961.563153644     2        C10       11984569      6984569      0      -
      4961.575584007     2        C10        3981178     -1018822      1      0
      4961.695433231     2        C10        7000778      2000778      0      -
      4961.925770724     2        C10        7094235      2094235      0      -
      4961.933385008     2        C10        9602578      4602578      0      -
      4962.054195068     2        C10        8818335      3818335      0      -
      4962.063535380     2        C10        3355163     -1644837      1      0
      4962.233832109     2        C10        3912500     -1087500      1      0
      4962.465921649     2        C10       11741890      6741890      0      -
      4962.598483785     2        C10       18818431     13818431      0      -
      4962.617825727     2        C10        8737756      3737756      0      -
      4962.738739644     2        C10       14099868      9099868      0      -
      4962.864216596     2        C10       16482605     11482605      0      -
      4962.991689362     2        C10       27043691     22043691      0      -
      4963.135188326     2        C10       10739270      5739270      0      -
      4963.146373765     2        C10          55710     -4944290      1      0
      4963.146433000     2        C10       14599418      9599418      0      -
      4963.161554373     2        C10        1218710     -3781290      1      0
      4963.275265265     2        C10       21265639     16265639      0      -
      4963.408389761     2        C10        7517619      2517619      0      -
      4963.416353162     2        C10          55567     -4944433      1      0
      4963.416412046     2        C10          76441     -4923559      1      0
      4963.416490389     2        C10       14682479      9682479      0      -
      4963.662770615     2        C10        5129405       129405      0      -
      4963.780294314     2        C10         694442     -4305558      1      0
      4964.009646487     2        C10        8061730      3061730      0      -
      4964.018205656     2        C10       14067492      9067492      0      -
      4964.143764367     2        C10          55339     -4944661      1      0
      4964.143822784     2        C10          67790     -4932210      1      0
      4964.143892247     2        C10        8510881      3510881      0      -
      4964.152885053     2        C10       10656526      5656526      0      -
      4964.274658206     2        C10        2752767     -2247233      1      0
      4964.277848706     2        C10        4637019      -362981      1      0
      4964.628517361     2        C10        1738698     -3261302      1      0
      4964.965364628     2        C10        4916641       -83359      1      0
      4964.970786296     2        C10        5389100       389100      0      -
      4965.199247751     2        C10       19399141     14399141      0      -
      4965.219140041     2        C10        5520985       520985      0      -
      4965.337385045     2        C10       16741464     11741464      0      -
      4965.354559752     2        C10        8927097      3927097      0      -
      4965.475215231     2        C10       31350922     26350922      0      -
      4965.507064843     2        C10        2209606     -2790394      1      0
      4965.623329461     2        C10        6694512      1694512      0      -
      4965.630470702     2        C10       33688831     28688831      0      -
      4965.779683398     2        C10          55037     -4944963      1      0
      4965.779741382     2        C10          67471     -4932529      1      0
      4965.779810437     2        C10       20469399     15469399      0      -
      4965.912877300     2        C10        1940819     -3059181      1      0
      4966.026645721     2        C10        9546268      4546268      0      -
      4966.152966706     2        C10       16328833     11328833      0      -
      4966.169740528     2        C10          55589     -4944411      1      0
      4966.169798995     2        C10       21826487     16826487      0      -
      4966.306729570     2        C10       11607709      6607709      0      -
      4966.430162564     2        C10        7559007      2559007      0      -
      4966.558735021     2        C10        8956700      3956700      0      -
      4966.568082424     2        C10        4228473      -771527      1      0
      4966.684308754     2        C10       16312691     11312691      0      -
      4966.812503358     2        C10        4285811      -714189      1      0
      4966.817241066     2        C10       21251883     16251883      0      -
      4966.954697738     2        C10        5558297       558297      0      -
      4966.960697808     2        C10       12855154      7855154      0      -
      4967.085313057     2        C10        3256693     -1743307      1      0
      4967.089053423     2        C10       20006373     15006373      0      -
      4967.220847959     2        C10       17942948     12942948      0      -
      4967.350432994     2        C10          32030     -4967970      1      0
      4967.350853568     2        C10       20163963     15163963      0      -
      4967.482179637     2        C10       18102084     13102084      0      -
      4967.500287944     2        C10          60521     -4939479      1      0
      4967.500350660     2        C10        7538704      2538704      0      -
      4967.508320912     2        C10        3509516     -1490484      1      0
      4967.632902938     2        C10       25134184     20134184      0      -
      4967.770262182     2        C10       11978580      6978580      0      -
      4967.893459660     2        C10       17430692     12430692      0      -
      4967.911384935     2        C10        5552697       552697      0      -
      4968.028344561     2        C10        5211799       211799      0      -
      4968.034003175     2        C10        6960134      1960134      0      -
      4968.152419753     2        C10       11814181      6814181      0      -
      4968.275354078     2        C10       10456630      5456630      0      -
      4968.403115245     2        C10        4747364      -252636      1      0
      4968.408304190     2        C10       19024161     14024161      0      -
      4968.547728073     2        C10         691510     -4308490      1      0
      4968.548872902     2        C10       28455704     23455704      0      -
      4968.690376419     2        C10       12040123      7040123      0      -
      4968.814286148     2        C10        9939174      4939174      0      -
      4968.824667754     2        C10        6535034      1535034      0      -
      4969.118567917     2        C10       27491979     22491979      0      -
      4969.258816713     2        C10       14400739      9400739      0      -
      4969.384922840     2        C10       10463840      5463840      0      -
      4969.508695431     2        C10        8661866      3661866      0      -
      4969.630497190     2        C10       11789834      6789834      0      -
      4969.754933731     2        C10       11579229      6579229      0      -
      4970.107071284     2        C10        2818043     -2181957      1      0
      4970.221351318     2        C10       16248295     11248295      0      -
      4970.348980101     2        C10       20966887     15966887      0      -
      4970.482009234     2        C10        8877582      3877582      0      -
      4970.491397776     2        C10        8886155      3886155      0      -
      4970.500290317     2        C10          73102     -4926898      1      0
      4970.500365993     2        C10       12222161      7222161      0      -
      4970.630636728     2        C10       21844527     16844527      0      -
      4970.876678127     2        C10        4224798      -775202      1      0
      4970.881350169     2        C10        5652704       652704      0      -
      4970.998294694     2        C10       10700933      5700933      0      -
      4971.232774026     2        C10        7060117      2060117      0      -
      4971.240373602     2        C10        2442914     -2557086      1      0
      4971.362297638     2        C10        7697588      2697588      0      -
      4971.370478717     2        C10       11820343      6820343      0      -
      4971.494264037     2        C10        6013863      1013863      0      -
      4971.500284627     2        C10        5721249       721249      0      -
      4971.506453236     2        C10       15753985     10753985      0      -
      4971.634135573     2        C10       14772493      9772493      0      -
      4971.649355545     2        C10        8257444      3257444      0      -
      4971.770490234     2        C10       16051252     11051252      0      -
      4971.787596391     2        C10       11219213      6219213      0      -
      4971.929750842     2        C10          54943     -4945057      1      0
      4971.929808771     2        C10       31546945     26546945      0      -
      4972.073045956     2        C10          55234     -4944766      1      0
      4972.073104810     2        C10       21444234     16444234      0      -
      4972.218319713     2        C10        1365450     -3634550      1      0
      4972.220339540     2        C10       12274273      7274273      0      -
      4972.683368574     2        C10        5560255       560255      0      -
      4972.800177175     2        C10        9439674      4439674      0      -
      4972.927846649     2        C10         394075     -4605925      1      0
      4973.039520944     2        C10       12405061      7405061      0      -
      4973.052376966     2        C10       14579378      9579378      0      -
      4973.066962556     2        C10          69148     -4930852      1      0
      4973.067034148     2        C10        5319579       319579      0      -
      4973.072886965     2        C10         935559     -4064441      1      0
      4973.185093855     2        C10          44797     -4955203      1      0
      4973.185519964     2        C10       23425957     18425957      0      -
      4973.320270346     2        C10        8942035      3942035      0      -
      4973.556093745     2        C10       12226170      7226170      0      -
      4973.568765272     2        C10        4783398      -216602      1      0
      4973.690808042     2        C10        9278199      4278199      0      -
      4973.700569335     2        C10       13031410      8031410      0      -
      4973.714090648     2        C10       11635511      6635511      0      -
      4973.838646310     2        C10        1875104     -3124896      1      0
      4973.840981089     2        C10       14598790      9598790      0      -
      4973.966884052     2        C10        4823580      -176420      1      0
      4974.083391891     2        C10       16829250     11829250      0      -
      4974.212140728     2        C10        1106387     -3893613      1      0
      4974.502871674     2        C10        7445717      2445717      0      -
      4974.622028137     2        C10        3727664     -1272336      1      0
      4974.793998451     2        C10        5602146       602146      0      -
      4974.911515575     2        C10        2670235     -2329765      1      0
      4975.025491774     2        C10        4990346        -9654      1      0
      4975.030924037     2        C10       17491138     12491138      0      -
      4975.167930198     2        C10       12449846      7449846      0      -
      4975.180386213     2        C10         106304     -4893696      1      0
      4975.180958312     2        C10        8804819      3804819      0      -
      4975.301240035     2        C10       10449991      5449991      0      -
      4975.312193214     2        C10        4425240      -574760      1      0
      4975.427652302     2        C10        5873980       873980      0      -
      4975.544827979     2        C10       12055887      7055887      0      -
      4975.954037706     2        C10        3919664     -1080336      1      0
      4976.237412889     2        C10       20174596     15174596      0      -
      4976.370457753     2        C10         698549     -4301451      1      0
      4976.661959491     2        C10        1592310     -3407690      1      0
      4976.664052483     2        C10        1484299     -3515701      1      0
      4976.778463407     2        C10        3326162     -1673838      1      0
      4976.782235070     2        C10       32368598     27368598      0      -
      4976.926886205     2        C10       12633176      7633176      0      -
      4976.939980525     2        C10        6247775      1247775      0      -
      4977.058272571     2        C10        4371925      -628075      1      0
      4977.174718439     2        C10        4527180      -472820      1      0
      4977.290992069     2        C10        6762109      1762109      0      -
      4977.813887756     2        C10       14701667      9701667      0      -
      4977.940820975     2        C10       11012733      6012733      0      -
      4978.063429720     2        C10        3229958     -1770042      1      0
      4978.182991477     2        C10          56097     -4943903      1      0
      4978.183051013     2        C10          67264     -4932736      1      0
      4978.183119954     2        C10       16212241     11212241      0      -
      4978.311162043     2        C10       13217792      8217792      0      -
      4978.435554744     2        C10       10362184      5362184      0      -
      4978.562577482     2        C10       10974527      5974527      0      -
      4978.685508559     2        C10       14833107      9833107      0      -
      4978.812424985     2        C10       20050580     15050580      0      -
      4978.948511165     2        C10        7509640      2509640      0      -
      4979.067636231     2        C10       13500256      8500256      0      -
      4979.081577583     2        C10        7873946      2873946      0      -
      4979.201371546     2        C10       18844410     13844410      0      -
      4979.331991970     2        C10       10099430      5099430      0      -
      4979.342604656     2        C10       14384073      9384073      0      -
      4979.467989968     2        C10        3052457     -1947543      1      0
      4979.589535798     2        C10        3248384     -1751616      1      0
      4979.709239137     2        C10        5812481       812481      0      -
      4979.994065355     2        C10        4689376      -310624      1      0
      4980.110264740     2        C10       10615598      5615598      0      -
      4980.121325393     2        C10        2874594     -2125406      1      0
      4980.235442580     2        C10        4435487      -564513      1      0
      4980.355881166     2        C10         941930     -4058070      1      0
      4980.587189472     2        C10       12509228      7509228      0      -
      4980.711575881     2        C10        4185445      -814555      1      0
      4980.827471059     2        C10       19395309     14395309      0      -
      4980.958864023     2        C10        8082463      3082463      0      -
      4980.967451233     2        C10       10271270      5271270      0      -
      4981.093820519     2        C10       17744353     12744353      0      -
      4981.112009867     2        C10       19097531     14097531      0      -
      4981.246529580     2        C10       12915093      7915093      0      -
      4981.259900147     2        C10       11855494      6855494      0      -
      4981.667869213     2        C10       13287465      8287465      0      -
      4981.792781212     2        C10         681655     -4318345      1      0
      4981.793470386     2        C10          69052     -4930948      1      0
      4981.793541174     2        C10          28194     -4971806      1      0
      4981.910448158     2        C10       19719651     14719651      0      -
      4981.930631556     2        C10        2541692     -2458308      1      0
      4982.044527184     2        C10       20999313     15999313      0      -
      4982.177867098     2        C10        1390511     -3609489      1      0
      4982.179703943     2        C10          55593     -4944407      1      0
      4982.179762467     2        C10       18004611     13004611      0      -
      4982.322223371     2        C10        4666702      -333298      1      0
      4982.327333874     2        C10       18132108     13132108      0      -
      4982.457662866     2        C10       10619424      5619424      0      -
      4982.580512421     2        C10       17765535     12765535      0      -
      4982.721367900     2        C10       16462234     11462234      0      -
      4982.849631579     2        C10       10647093      5647093      0      -
      4982.860298933     2        C10          54584     -4945416      1      0
      4982.860355958     2        C10         735052     -4264948      1      0
      4982.972904515     2        C10        5689267       689267      0      -
      4983.090108720     2        C10        8238787      3238787      0      -
      4983.209847082     2        C10       13759062      8759062      0      -
      4983.224137199     2        C10        9417935      4417935      0      -
      4983.347556908     2        C10        4723460      -276540      1      0
      4983.352817011     2        C10       16758782     11758782      0      -
      4983.370135727     2        C10        3411032     -1588968      1      0
      4983.485780277     2        C10       16873580     11873580      0      -
      4983.503098772     2        C10          55945     -4944055      1      0
      4983.503158359     2        C10        2394990     -2605010      1      0
      4983.616746096     2        C10         872608     -4127392      1      0
      4983.618009728     2        C10       20964850     15964850      0      -
      4983.639492841     2        C10        9059752      4059752      0      -
      4983.761044738     2        C10       11744511      6744511      0      -
      4983.773304891     2        C10        7432064      2432064      0      -
      4983.892148413     2        C10        6326482      1326482      0      -
      4984.125745177     2        C10        5597305       597305      0      -
      4984.131758486     2        C10       12219058      7219058      0      -
      4984.255503668     2        C10        3431942     -1568058      1      0
      4984.259376302     2        C10        7282889      2282889      0      -
      4984.662388065     2        C10        2552235     -2447765      1      0
      4984.665456846     2        C10       13657979      8657979      0      -
      4984.790306032     2        C10        6575605      1575605      0      -
      4984.797326638     2        C10       35795229     30795229      0      -
      4984.952768283     2        C10       14536374      9536374      0      -
      4985.079080090     2        C10       14146035      9146035      0      -
      4985.204612903     2        C10        8255463      3255463      0      -
      4985.327806558     2        C10        7861646      2861646      0      -
      4985.674898127     2        C10        5365368       365368      0      -
      4985.792236829     2        C10        3682357     -1317643      1      0
      4985.907223649     2        C10        2082674     -2917326      1      0
      4986.699650387     2        C10          55199     -4944801      1      0
      4986.699708911     2        C10          66799     -4933201      1      0
      4986.699777554     2        C10        1838480     -3161520      1      0
      4986.814210184     2        C10        4529121      -470879      1      0
      4986.930602076     2        C10       12151561      7151561      0      -
      4987.054659408     2        C10        1377918     -3622082      1      0
      4987.173277401     2        C10        3247918     -1752082      1      0
      4987.176973942     2        C10        8296540      3296540      0      -
      4987.296502316     2        C10       10378107      5378107      0      -
      4987.307335541     2        C10        4805823      -194177      1      0
      4987.423403251     2        C10        6712534      1712534      0      -
      4987.548536970     2        C10        2455437     -2544563      1      0
      4987.662527357     2        C10        3498306     -1501694      1      0
      4987.666492955     2        C10       10357464      5357464      0      -
      4987.788513247     2        C10       25517091     20517091      0      -
      4987.814540456     2        C10        9710611      4710611      0      -
      4987.940384719     2        C10        6400597      1400597      0      -
      4987.947275123     2        C10        5229956       229956      0      -
      4988.063323599     2        C10        3622034     -1377966      1      0
      4988.066952969     2        C10          68895     -4931105      1      0
      4988.067023464     2        C10       15629895     10629895      0      -
      4988.083170312     2        C10        2990801     -2009199      1      0
      4988.197756634     2        C10        1140062     -3859938      1      0
      4988.310267127     2        C10       10463080      5463080      0      -
      4988.720973889     2        C10       12636825      7636825      0      -
      4988.844974424     2        C10       18528201     13528201      0      -
      4988.975234175     2        C10       14984145      9984145      0      -
      4989.102018748     2        C10       28303882     23303882      0      -
      4989.130771403     2        C10       12816502      7816502      0      -
      4989.261483547     2        C10       25392575     20392575      0      -
      4989.287324282     2        C10       11886338      6886338      0      -
      4989.418754754     2        C10       24853960     19853960      0      -
      4989.444102980     2        C10        8788805      3788805      0      -
      4989.570087942     2        C10          55101     -4944899      1      0
      4989.570145806     2        C10          59887     -4940113      1      0
      4989.570599452     2        C10       14313746      9313746      0      -
      4989.585425270     2        C10        8309241      3309241      0      -
      4989.705336076     2        C10        8217132      3217132      0      -
      4989.713996396     2        C10        9019203      4019203      0      -
      4989.837552189     2        C10       18039859     13039859      0      -
      4989.967034521     2        C10       15480165     10480165      0      -
      4990.101289608     2        C10        8547071      3547071      0      -
      4990.110346663     2        C10       15054619     10054619      0      -
      4990.238059509     2        C10       18048376     13048376      0      -
      4990.367288060     2        C10        1933820     -3066180      1      0
      4990.369725786     2        C10          55610     -4944390      1      0
      4990.369784030     2        C10       19912889     14912889      0      -
      4990.390161929     2        C10        8374187      3374187      0      -
      4990.515092438     2        C10       18915105     13915105      0      -
      4990.646334594     2        C10          54756     -4945244      1      0
      4990.646392680     2        C10          66990     -4933010      1      0
      4990.646461502     2        C10       11488128      6488128      0      -
      4990.658396370     2        C10       11820456      6820456      0      -
      4990.781961035     2        C10        9361733      4361733      0      -
      4990.791860243     2        C10        2734972     -2265028      1      0
      4990.912433019     2        C10        3786493     -1213507      1      0
      4990.916778587     2        C10       34270527     29270527      0      -
      4991.065793463     2        C10       12709753      7709753      0      -
      4991.078951145     2        C10       26586632     21586632      0      -
      4991.222380480     2        C10       15425021     10425021      0      -
      4991.238300161     2        C10       13440814      8440814      0      -
      4991.363014527     2        C10          55173     -4944827      1      0
      4991.363072534     2        C10          67720     -4932280      1      0
      4991.363141926     2        C10       31767626     26767626      0      -
      4991.512513383     2        C10          54857     -4945143      1      0
      4991.512571152     2        C10          65293     -4934707      1      0
      4991.512638365     2        C10          11449     -4988551      1      0
      4991.631880793     2        C10       14380008      9380008      0      -
      4991.758098447     2        C10       22119409     17119409      0      -
      4991.780665293     2        C10        1618168     -3381832      1      0
      4991.893774737     2        C10        8631225      3631225      0      -
      4991.902849270     2        C10       13486357      8486357      0      -
      4992.028582629     2        C10       32722496     27722496      0      -
      4992.172936209     2        C10        9234335      4234335      0      -
      4992.294017057     2        C10       22160538     17160538      0      -
      4992.434288923     2        C10       19767785     14767785      0      -
      4992.454503972     2        C10        4103337      -896663      1      0
      4992.575680986     2        C10       12711006      7711006      0      -
      4992.701852278     2        C10       16636939     11636939      0      -
      4992.830191712     2        C10       16879221     11879221      0      -
      4992.847524753     2        C10        2363630     -2636370      1      0
      4993.074382189     2        C10        8595964      3595964      0      -
      4993.200388219     2        C10        6059611      1059611      0      -
      4993.206899307     2        C10        9202506      4202506      0      -
      4993.556466884     2        C10        5569483       569483      0      -
      4993.562425365     2        C10        9260503      4260503      0      -
      4993.683636129     2        C10        5433594       433594      0      -
      4993.689908749     2        C10       19807052     14807052      0      -
      4993.821257910     2        C10        8956678      3956678      0      -
      4993.948325370     2        C10        2471618     -2528382      1      0
      4993.951244057     2        C10       11421321      6421321      0      -
      4993.963121817     2        C10        6905955      1905955      0      -
      4994.081717293     2        C10       27191737     22191737      0      -
      4994.220884592     2        C10       22671154     17671154      0      -
      4994.244077400     2        C10        9277157      4277157      0      -
      4994.364560632     2        C10       14879893      9879893      0      -
      4994.490524502     2        C10        3029643     -1970357      1      0
      4994.493997672     2        C10        9184020      4184020      0      -
      4994.626133734     2        C10       29301436     24301436      0      -
      4994.768313877     2        C10       24475294     19475294      0      -
      4994.793490772     2        C10        7983525      2983525      0      -
      4994.915409299     2        C10        8834716      3834716      0      -
      4995.036850303     2        C10       18234001     13234001      0      -
      4995.166723050     2        C10       17409809     12409809      0      -
      4995.297147283     2        C10       36122738     31122738      0      -
      4995.452610795     2        C10       17511428     12511428      0      -
      4995.470565781     2        C10       18366230     13366230      0      -
      4995.609631431     2        C10         358774     -4641226      1      0
      4995.610442781     2        C10       12987287      7987287      0      -
      4995.735247366     2        C10        4583884      -416116      1      0
      4995.740283419     2        C10        2665997     -2334003      1      0
      4995.965569228     2        C10       11128578      6128578      0      -
      4996.094999425     2        C10        4231328      -768672      1      0
      4996.325020717     2         C9       25194211     20194211      1      1
      4996.461535268     2        C10       10419944      5419944      0      -
      4996.472519167     2        C10       21092185     16092185      0      -
      4996.611390534     2        C10        4873925      -126075      1      0
      4996.728490680     2        C10        1225288     -3774712      1      0
      4996.847421220     2        C10        4406000      -594000      1      0
      4997.077835462     2        C10        6633976      1633976      0      -
      4997.253288460     2        C10         384967     -4615033      1      0
      4997.364316367     2        C10        1392257     -3607743      1      0
      4997.477844101     2        C10        7117770      2117770      0      -
      4997.608683065     2        C10       22510536     17510536      0      -
      4997.631638522     2        C10       17406828     12406828      0      -
      4997.649597489     2        C10        2590321     -2409679      1      0
      4997.771054167     2        C10       15595035     10595035      0      -
      4997.899541453     2        C10        8889683      3889683      0      -
      4998.020684885     2        C10       11205730      6205730      0      -
      4998.032390367     2        C10        4363203      -636797      1      0
      4998.148462526     2        C10       14390960      9390960      0      -
      4998.163313431     2        C10       10964495      5964495      0      -
      4998.286485527     2        C10        5348203       348203      0      -
      4998.292276263     2        C10        6907929      1907929      0      -
      4998.416051754     2        C10        6134347      1134347      0      -
      4998.538998707     2        C10       15082188     10082188      0      -
      4998.665984879     2        C10       13019139      8019139      0      -
      4998.791320440     2        C10        8674094      3674094      0      -
      4998.800434621     2        C10       19098169     14098169      0      -
      4998.931468818     2        C10        7642751      2642751      0      -
      4999.050952584     2        C10       16055013     11055013      0      -
      4999.067500489     2        C10       23117019     18117019      0      -
      4999.223144635     2        C10       14823715      9823715      0      -
      4999.349868129     2        C10        4896774      -103226      1      0
      4999.355214596     2        C10        8253825      3253825      0      -
      4999.642535959     2        C10        4251024      -748976      1      0
      4999.767648948     2        C10       20151861     15151861      0      -
      4999.788344489     2        C10       13110395      8110395      0      -
      4999.920819343     2        C10       11022336      6022336      0      -
      5000.043873159     2        C10       13017325      8017325      0      -
      5000.057352650     2        C10       22821685     17821685      0      -
      5000.194993856     2        C10       10896979      5896979      0      -
      5000.206334946     2        C10          55521     -4944479      1      0
      5000.206393650     2        C10          67731     -4932269      1      0
      5000.206463240     2        C10       24755644     19755644      0      -
      5000.343413923     2        C10          54844     -4945156      1      0
      5000.343471472     2        C10          67892     -4932108      1      0
      5000.343540933     2        C10           3804     -4996196      1      0
      5000.343925279     2        C10       13306707      8306707      0      -
      5000.469834730     2        C10       10383170      5383170      0      -
      5000.480662543     2        C10       22592375     17592375      0      -
      5000.625179143     2        C10       16678124     11678124      0      -
      5001.144354641     2        C10       15496413     10496413      0      -
      5001.271856058     2        C10       11058314      6058314      0      -
      5001.400248614     2        C10        3300529     -1699471      1      0
      5001.403997657     2        C10       21505266     16505266      0      -
      5001.541884532     2        C10        6515316      1515316      0      -
      5002.334855644     2        C10        3894674     -1105326      1      0
      5002.451464046     2        C10       12592109      7592109      0      -
      5002.464505030     2        C10        7056080      2056080      0      -
      5002.588349240     2        C10        5056021        56021      0      -
      5002.706028966     2        C10       11802565      6802565      0      -
      5002.718266521     2        C10        1942414     -3057586      1      0
      5003.003550446     2        C10        2309207     -2690793      1      0
      5003.118450411     2        C10        8167357      3167357      0      -
      5003.238289606     2        C10        8980608      3980608      0      -
      5003.469369354     2        C10        5500005       500005      0      -
      5003.475317737     2        C10       17317984     12317984      0      -
      5003.493080269     2        C10          55636     -4944364      1      0
      5003.493138992     2        C10        2052803     -2947197      1      0
      5003.614605459     2        C10       15262346     10262346      0      -
      5003.742142796     2        C10       14609916      9609916      0      -
      5003.869404096     2        C10           3506     -4996494      1      0
      5003.869425594     2        C10       10791238      5791238      0      -
      5003.991404411     2        C10        6593549      1593549      0      -
      5004.109790013     2        C10        5939970       939970      0      -
      5004.227133099     2        C10       16412005     11412005      0      -
      5004.362459976     2        C10        8879381      3879381      0      -
      5004.371825564     2        C10        2642419     -2357581      1      0
      5004.485398268     2        C10       12276405      7276405      0      -
      5004.617890707     2        C10       18989535     13989535      0      -
      5004.749518275     2        C10        6364575      1364575      0      -
      5005.322824800     2        C10         642409     -4357591      1      0
      5005.434767150     2        C10        5056300        56300      0      -
      5005.559656726     2        C10          55710     -4944290      1      0
      5005.559716132     2        C10          67657     -4932343      1      0
      5005.559785546     2        C10       19298986     14298986      0      -
      5005.690464422     2        C10        1160469     -3839531      1      0
      5005.692131684     2        C10          55427     -4944573      1      0
      5005.692190063     2        C10        6811975      1811975      0      -
      5005.812260708     2        C10       21910526     16910526      0      -
      5005.834803604     2        C10       11352148      6352148      0      -
      5006.070250741     2        C10        5475878       475878      0      -
      5006.187727154     2        C10       10325959      5325959      0      -
      5006.198540524     2        C10        8708458      3708458      0      -
      5006.319015434     2        C10       20564866     15564866      0      -
      5006.340120293     2        C10        1107873     -3892127      1      0
      5006.452427836     2        C10        4560906      -439094      1      0
      5006.457427003     2        C10       26916103     21916103      0      -
      5006.611161205     2        C10       13377623      8377623      0      -
      5006.736791299     2        C10       12603683      7603683      0      -
      5006.860818304     2        C10       12233806      7233806      0      -
      5006.984637613     2        C10       10555701      5555701      0      -
      5006.995637991     2        C10         622792     -4377208      1      0
      5007.107588262     2        C10       27032971     22032971      0      -
      5007.246833140     2        C10       15523846     10523846      0      -
      5007.383929470     2        C10       19527970     14527970      0      -
      5007.522827991     2        C10       12810779      7810779      0      -
      5007.647325731     2        C10        2398846     -2601154      1      0
      5007.649732436     2        C10          70603     -4929397      1      0
      5007.649818287     2        C10        6823350      1823350      0      -
      5008.169868648     2        C10       12789800      7789800      0      -
      5008.294646190     2        C10       23991349     18991349      0      -
      5008.431122866     2        C10        3151454     -1848546      1      0
      5008.434722052     2        C10       11907620      6907620      0      -
      5008.618668602     2        C10        3840213     -1159787      1      0
      5008.623018641     2        C10          55647     -4944353      1      0
      5008.623077058     2        C10          67122     -4932878      1      0
      5008.623145789     2        C10         120511     -4879489      1      0
      5008.735730855     2        C10       17074249     12074249      0      -
      5008.753305832     2        C10        2930210     -2069790      1      0
      5008.874490342     2        C10       21462023     16462023      0      -
      5008.896425586     2        C10          55581     -4944419      1      0
      5008.896484606     2        C10       17049526     12049526      0      -
      5009.026396911     2        C10          55129     -4944871      1      0
      5009.026455040     2        C10       15654901     10654901      0      -
      5009.154214954     2        C10       17082527     12082527      0      -
      5009.282839594     2        C10       27216866     22216866      0      -
      5009.422188745     2        C10       17136995     12136995      0      -
      5009.558462799     2        C10       14119864      9119864      0      -
      5009.691084185     2        C10       10609333      5609333      0      -
      5009.813457440     2        C10       25967349     20967349      0      -
      5009.839875825     2        C10       10026448      5026448      0      -
      5009.964872762     2        C10       19585494     14585494      0      -
      5010.096437315     2        C10       19232799     14232799      0      -
      5010.227770593     2        C10       11664772      6664772      0      -
      5010.239948782     2        C10       11166985      6166985      0      -
      5010.251558900     2        C10        4608743      -391257      1      0
      5010.376481846     2        C10         442895     -4557105      1      0
      5010.377328260     2        C10       19539258     14539258      0      -
      5010.397357771     2        C10       16122139     11122139      0      -
      5010.533485939     2        C10        6313564      1313564      0      -
      5010.540262095     2        C10        8110319      3110319      0      -
      5010.661190537     2        C10       22259143     17259143      0      -
      5010.795872668     2        C10        4110735      -889265      1      0
      5010.800420545     2        C10        8170160      3170160      0      -
      5010.919786873     2        C10       12523286      7523286      0      -
      5011.045952820     2        C10        4316183      -683817      1      0
      5011.050277044     2        C10          70019     -4929981      1      0
      5011.050348744     2        C10        6170034      1170034      0      -
      5011.057020832     2        C10        9857038      4857038      0      -
      5011.187840315     2        C10        5745915       745915      0      -
      5011.416797358     2        C10         485869     -4514131      1      0
      5011.703721451     2        C10        7335809      2335809      0      -
      5011.822752603     2        C10       15280545     10280545      0      -
      5011.838465938     2        C10        3334700     -1665300      1      0
      5011.956365702     2        C10          55515     -4944485      1      0
      5011.956424807     2        C10       24754514     19754514      0      -
      5011.981624803     2        C10        7590934      2590934      0      -
      5012.100830621     2        C10       27169814     22169814      0      -
      5012.128443604     2        C10        7145281      2145281      0      -
      5012.248257522     2        C10        1182485     -3817515      1      0
      5012.361255355     2        C10        7609003      2609003      0      -
      5012.990050887     2        C10       21881028     16881028      0      -
      5013.235192687     2        C10         706804     -4293196      1      0
      5013.464400193     2        C10        1814738     -3185262      1      0
      5013.466842421     2        C10        4391136      -608864      1      0
      5013.813423081     2        C10        1984407     -3015593      1      0
      5013.927424915     2        C10       12666797      7666797      0      -
      5014.052288927     2        C10        4648008      -351992      1      0
      5014.173255937     2        C10        4220470      -779530      1      0
      5014.177978102     2        C10        1528008     -3471992      1      0
      5014.458192936     2        C10        3875883     -1124117      1      0
      5014.462574854     2        C10        7223782      2223782      0      -
      5014.586984992     2        C10         634639     -4365361      1      0
      5014.588011713     2        C10       32436921     27436921      0      -
      5014.733679062     2        C10        7233894      2233894      0      -
      5014.916543908     2        C10          54191     -4945809      1      0
      5014.916601331     2        C10          25569     -4974431      1      0
      5015.139222115     2        C10        2921026     -2078974      1      0
      5015.253865354     2        C10        6019586      1019586      0      -
      5015.371295297     2        C10        1044044     -3955956      1      0
      5015.372898985     2        C10        3985186     -1014814      1      0
      5015.488086807     2        C10        9502105      4502105      0      -
      5015.498094240     2        C10        1647326     -3352674      1      0
      5015.499746101     2        C10          64580     -4935420      1      0
      5015.499812721     2        C10        1970096     -3029904      1      0
      5015.624252809     2        C10        3312321     -1687679      1      0
      5015.909087727     2        C10       11078251      6078251      0      -
      5016.087682077     2        C10        6608015      1608015      0      -
      5016.207332788     2        C10        9440479      4440479      0      -
      5016.217282981     2        C10       12934469      7934469      0      -
      5016.230667966     2        C10        9545207      4545207      0      -
      5016.355043760     2        C10       26147447     21147447      0      -
      5016.493235268     2        C10        7034096      2034096      0      -
      5016.500275900     2        C10          73012     -4926988      1      0
      5016.500351338     2        C10       10246654      5246654      0      -
      5016.629523867     2        C10       13627684      8627684      0      -
      5016.643605455     2        C10        9379967      4379967      0      -
      5016.765051327     2        C10       19411529     14411529      0      -
      5016.784909948     2        C10       18642006     13642006      0      -
      5016.918425479     2        C10        1753902     -3246098      1      0
      5016.920626734     2        C10       26305672     21305672      0      -
      5016.947420259     2        C10        9060217      4060217      0      -
      5017.068337000     2        C10       16270701     11270701      0      -
      5017.200772509     2        C10        2326357     -2673643      1      0
      5017.203548850     2        C10       11902505      6902505      0      -
      5017.215912719     2        C10       10280858      5280858      0      -
      5017.337657777     2        C10        4568787      -431213      1      0
      5017.342672365     2        C10       10945250      5945250      0      -
      5017.465961841     2        C10       20145167     15145167      0      -
      5017.715030605     2        C10       14430334      9430334      0      -
      5017.843802226     2        C10        5910063       910063      0      -
      5017.849716833     2        C10          66211     -4933789      1      0
      5017.849785281     2        C10        6975368      1975368      0      -
      5017.969498374     2        C10       10712988      5712988      0      -
      5018.091756920     2        C10       19942936     14942936      0      -
      5018.224002793     2        C10        8775727      3775727      0      -
      5018.233268423     2        C10        2757608     -2242392      1      0
      5018.459188524     2        C10        5637763       637763      0      -
      5018.465277256     2        C10        1001178     -3998822      1      0
      5018.582988377     2        C10          55526     -4944474      1      0
      5018.583046735     2        C10          68568     -4931432      1      0
      5018.583116861     2        C10        2946615     -2053385      1      0
      5018.816640727     2        C10       10345184      5345184      0      -
      5018.938819149     2        C10         915126     -4084874      1      0
      5019.162571951     2        C10       16338898     11338898      0      -
      5019.291005547     2        C10       23002621     18002621      0      -
      5019.314491787     2        C10        4826757      -173243      1      0
      5019.436259865     2        C10       12325285      7325285      0      -
      5019.564760047     2        C10       10427098      5427098      0      -
      5019.575633166     2        C10        2599285     -2400715      1      0
      5019.689868076     2        C10       14346019      9346019      0      -
      5019.983471614     2        C10        3073645     -1926355      1      0
      5020.108445356     2        C10       15067760     10067760      0      -
      5020.236143861     2        C10        1644500     -3355500      1      0
      5020.349220560     2        C10        2576202     -2423798      1      0
      5020.463364630     2        C10        8396636      3396636      0      -
      5020.808083013     2        C10        6661432      1661432      0      -
      5020.932281405     2        C10       26471048     21471048      0      -
      5021.071031025     2        C10        2060516     -2939484      1      0
      5021.185184495     2        C10       12598590      7598590      0      -
      5021.198301792     2        C10        5306832       306832      0      -
      5021.314966796     2        C10       12650583      7650583      0      -
      5021.328058294     2        C10       15485171     10485171      0      -
      5021.573905036     2        C10       15659162     10659162      0      -
      5021.590280766     2        C10         485252     -4514748      1      0
      5021.706575121     2        C10        2283254     -2716746      1      0
      5021.709302663     2        C10       12332149      7332149      0      -
      5021.722139520     2        C10       18399785     13399785      0      -
      5021.853353397     2        C10        1107645     -3892355      1      0
      5021.854905755     2        C10       18341367     13341367      0      -
      5021.985141619     2        C10          55273     -4944727      1      0
      5021.985199498     2        C10          31879     -4968121      1      0
      5021.985734321     2        C10       19418933     14418933      0      -
      5022.117042334     2        C10       10229893      5229893      0      -
      5022.238951082     2        C10        2229007     -2770993      1      0
      5022.241631250     2        C10        1904099     -3095901      1      0
      5022.470250542     2        C10       17562486     12562486      0      -
      5022.605986368     2        C10       11110704      6110704      0      -
      5022.617541087     2        C10        2854342     -2145658      1      0
      5022.731824634     2        C10        1491880     -3508120      1      0
      5022.733833783     2        C10        4086084      -913916      1      0
      5022.849205837     2        C10         830703     -4169297      1      0
      5022.850535740     2        C10       23008996     18008996      0      -
      5022.985101855     2        C10         719455     -4280545      1      0
      5023.099682971     2        C10          54802     -4945198      1      0
      5023.099740834     2        C10          66874     -4933126      1      0
      5023.099809641     2        C10        1930538     -3069462      1      0
      5023.218217265     2        C10       11090357      6090357      0      -
      5023.343075392     2        C10          45236     -4954764      1      0
      5023.343123008     2        C10       27778179     22778179      0      -
      5023.371398935     2        C10        3785169     -1214831      1      0
      5023.487072545     2        C10       11977324      6977324      0      -
      5023.615950395     2        C10       16468983     11468983      0      -
      5024.255250071     2        C10        4403591      -596409      1      0
      5024.260134529     2        C10        4933755       -66245      1      0
      5024.376786488     2        C10        4822836      -177164      1      0
      5024.555457820     2        C10        8753714      3753714      0      -
      5024.681274877     2        C10       22880699     17880699      0      -
      5024.704646096     2        C10         444400     -4555600      1      0
      5024.817175713     2        C10        4584823      -415177      1      0
      5025.100597583     2        C10       15539939     10539939      0      -
      5025.228601715     2        C10        7866997      2866997      0      -
      5025.804226655     2        C10       15071848     10071848      0      -
      5026.102650424     2        C10        5701440       701440      0      -
      5026.108766369     2        C10       19832209     14832209      0      -
      5026.240749199     2        C10       11522577      6522577      0      -
      5026.252714715     2        C10       15508031     10508031      0      -
      5026.268723417     2        C10        9786940      4786940      0      -
      5026.394004904     2        C10       16201139     11201139      0      -
      5026.410650904     2        C10        5473641       473641      0      -
      5026.588649232     2        C10        5718110       718110      0      -
      5026.707844461     2        C10       13121155      8121155      0      -
      5026.721418416     2        C10         801415     -4198585      1      0
      5027.008928017     2        C10       12200361      7200361      0      -
      5027.021571872     2        C10        4389791      -610209      1      0
      5027.416347612     2        C10          55136     -4944864      1      0
      5027.416405970     2        C10          67026     -4932974      1      0
      5027.416474840     2        C10        7070282      2070282      0      -
      5027.541604602     2        C10        1917341     -3082659      1      0
      5027.544006784     2        C10       27731202     22731202      0      -
      5027.572279906     2        C10        1241334     -3758666      1      0
      5027.689610502     2        C10       17268585     12268585      0      -
      5027.819205525     2        C10         868719     -4131281      1      0
      5027.932043332     2        C10        4838216      -161784      1      0
      5027.937326504     2        C10        4711083      -288917      1      0
      5028.053229665     2        C10       10431672      5431672      0      -
      5028.064160840     2        C10       10170108      5170108      0      -
      5028.186751077     2        C10       16795084     11795084      0      -
      5028.203994029     2        C10       14086292      9086292      0      -
      5028.330111897     2        C10        7223973      2223973      0      -
      5028.337904437     2        C10       22305615     17305615      0      -
      5028.361500235     2        C10           3551     -4996449      1      0
      5028.361508164     2        C10       14195102      9195102      0      -
      5028.377060561     2        C10        5286341       286341      0      -
      5028.384958792     2         C1          32795        30795      1      1
      5028.428098215     2        C10         321049     -4678951      1      0
