          Time-Start   CPU    C-State      Sleep[ns]    Delta[ns]   Miss  Below
      4660.759355869     2         C1         542743       540743      1      1
      4660.759909705     2        C10        1185702     -3814298      1      0
      4660.924413281     2         C1          10295         8295      0      -
      4661.069547122     2        C10       10496922      5496922      0      -
      4661.080512512     2        C10        6487173      1487173      0      -
      4661.224060297     2        C10        9312245      4312245      0      -
      4661.233855517     2        C10        5863431       863431      0      -
      4661.546412499     2        C10          55255     -4944745      1      0
      4661.546470493     2        C10          68296     -4931704      1      0
      4661.546540638     2        C10       18833687     13833687      0      -
      4661.686013540     2        C10       11930573      6930573      0      -
      4661.885829829     2        C10        4877285      -122715      1      0
      4661.891147552     2        C10        2022530     -2977470      1      0
      4661.893192287     2        C10        6456612      1456612      0      -
      4662.045286086     2        C10        2778301     -2221699      1      0
      4662.048581994     2        C10       19288850     14288850      0      -
      4662.225796349     2        C10       17606884     12606884      0      -
      4662.243838355     2        C10        4739024      -260976      1      0
      4662.364834324     2        C10       11176569      6176569      0      -
      4662.376454845     2        C10          55800     -4944200      1      0
      4662.376514540     2        C10       12675298      7675298      0      -
      4662.389661216     2        C10        4870116      -129884      1      0
      4662.508305735     2        C10       21278480     16278480      0      -
      4662.530116126     2        C10        2062584     -2937416      1      0
      4662.659690782     2        C10       13577383      8577383      0      -
      4662.674399627     2        C10         820557     -4179443      1      0
      4662.810845165     2        C10       12459201      7459201      0      -
      4662.974061331     2        C10        7843043      2843043      0      -
      4663.122820941     2        C10        7468326      2468326      0      -
      4663.130783159     2        C10       13306960      8306960      0      -
      4663.144547229     2        C10        9067094      4067094      0      -
      4663.286273132     2        C10        8877998      3877998      0      -
      4663.295591019     2        C10        4053174      -946826      1      0
      4663.438128761     2        C10       21990016     16990016      0      -
      4663.608924825     2        C10         450732     -4549268      1      0
      4663.609801949     2        C10          45285     -4954715      1      0
      4663.609849554     2        C10        2789614     -2210386      1      0
      4664.018626377     2        C10       11184899      6184899      0      -
      4664.029823725     2        C10        4404680      -595320      1      0
      4664.035673833     2        C10        4740708      -259292      1      0
      4664.173369447     2        C10        8457403      3457403      0      -
      4664.326312398     2        C10       13934601      8934601      0      -
      4664.528459567     2        C10       17792383     12792383      0      -
      4664.546976809     2        C10        9360829      4360829      0      -
      4664.695883082     2        C10       15064169     10064169      0      -
      4664.853067916     2        C10          45216     -4954784      1      0
      4664.853115700     2        C10          45332     -4954668      1      0
      4664.853162980     2        C10          45160     -4954840      1      0
      4664.853210018     2        C10       14171645      9171645      0      -
      4664.867832599     2        C10        4122698      -877302      1      0
      4665.007669799     2        C10        3712169     -1287831      1      0
      4665.011789596     2        C10       19858082     14858082      0      -
      4665.161907586     2        C10       12098451      7098451      0      -
      4665.446048208     2        C10         584035     -4415965      1      0
      4665.447127955     2        C10        6058179      1058179      0      -
      4665.582066634     2        C10       18282502     13282502      0      -
      4665.600858179     2        C10        2213008     -2786992      1      0
      4665.778666771     2        C10       10759525      5759525      0      -
      4665.902469549     2        C10       22050626     17050626      0      -
      4666.102944877     2        C10        6914734      1914734      0      -
      4666.221845453     2        C10       13987105      8987105      0      -
      4666.236286919     2        C10         947994     -4052006      1      0
      4666.348279609     2        C10       18547405     13547405      0      -
      4666.492027610     2        C10       22184889     17184889      0      -
      4666.689652805     2        C10       27419761     22419761      0      -
      4666.833288654     2        C10       10330830      5330830      0      -
      4666.844110004     2        C10        2237173     -2762827      1      0
      4667.011676546     2        C10        6441065      1441065      0      -
      4667.129429585     2        C10        8448192      3448192      0      -
      4667.138342461     2        C10       12000608      7000608      0      -
      4667.630678773     2        C10         465220     -4534780      1      0
      4667.631592131     2        C10        3002679     -1997321      1      0
      4667.746033606     2        C10       26677604     21677604      0      -
      4667.884144985     2        C10       15825272     10825272      0      -
      4667.900456889     2        C10        6079519      1079519      0      -
      4668.018343023     2        C10       25276370     20276370      0      -
      4668.154614735     2        C10       10673616      5673616      0      -
      4668.165737234     2        C10        2804089     -2195911      1      0
      4668.279506572     2        C10       11696601      6696601      0      -
      4668.292155832     2        C10        2105805     -2894195      1      0
      4668.962919130     2        C10        1067401     -3932599      1      0
      4669.080778688     2        C10        6777394      1777394      0      -
      4669.088004738     2        C10        2045974     -2954026      1      0
      4669.256364308     2        C10       19324026     14324026      0      -
      4669.498135857     2        C10        3178104     -1821896      1      0
      4670.535150484     2        C10        2988536     -2011464      1      0
      4670.538585852     2        C10        5418414       418414      0      -
      4670.687292546     2        C10        4875150      -124850      1      0
      4670.833167759     2        C10          54876     -4945124      1      0
      4670.833225526     2        C10       23772897     18772897      0      -
      4671.002039345     2        C10       11620621      6620621      0      -
      4671.015846840     2        C10       13947570      8947570      0      -
      4671.029799428     2        C10       16910944     11910944      0      -
      4671.187335120     2        C10        6892552      1892552      0      -
      4671.194634182     2        C10       19743264     14743264      0      -
      4671.354681162     2        C10       28505698     23505698      0      -
      4671.510227004     2        C10       24472854     19472854      0      -
      4671.535412545     2        C10        4365678      -634322      1      0
      4671.712461597     2        C10        3549276     -1450724      1      0
      4671.716462010     2        C10          55574     -4944426      1      0
      4671.716521240     2        C10       19706592     14706592      0      -
      4671.867979453     2        C10       27087571     22087571      0      -
      4671.895529164     2        C10        7445084      2445084      0      -
      4672.034177571     2        C10        3153100     -1846900      1      0
      4672.037341189     2        C10        1175850     -3824150      1      0
      4672.221970824     2        C10        9961626      4961626      0      -
      4672.233233542     2        C10       27382826     22382826      0      -
      4672.393894234     2        C10       36660030     31660030      0      -
      4672.431221095     2        C10        2747412     -2252588      1      0
      4672.584755844     2        C10       23013575     18013575      0      -
      4672.608833223     2        C10       13352146      8352146      0      -
      4672.826848495     2        C10        5918182       918182      0      -
      4672.834456009     2        C10        6586424      1586424      0      -
      4672.999212445     2        C10       38580810     33580810      0      -
      4673.038325897     2        C10        1209084     -3790916      1      0
      4673.159650099     2        C10       22023322     17023322      0      -
      4673.340804083     2        C10        3755323     -1244677      1      0
      4673.345005810     2        C10       13951826      8951826      0      -
      4673.359350474     2        C10       11678964      6678964      0      -
      4673.505265907     2        C10        9967612      4967612      0      -
      4673.637784903     2        C10       17390051     12390051      0      -
      4673.878601300     2        C10       22770026     17770026      0      -
      4674.013371879     2        C10        6439231      1439231      0      -
      4674.132319278     2        C10        6484621      1484621      0      -
      4674.139253477     2        C10        8245410      3245410      0      -
      4674.259641279     2        C10       13856938      8856938      0      -
      4674.387621956     2        C10       12579437      7579437      0      -
      4674.400657405     2        C10        5337499       337499      0      -
      4674.690730195     2        C10        4172815      -827185      1      0
      4674.806482361     2        C10          54906     -4945094      1      0
      4674.806540695     2        C10        8144498      3144498      0      -
      4674.815133203     2        C10        3938396     -1061604      1      0
      4674.930636028     2        C10       14689829      9689829      0      -
      4675.338099975     2        C10       18919279     13919279      0      -
      4675.357510476     2        C10       11683163      6683163      0      -
      4675.592668290     2        C10        4109308      -890692      1      0
      4675.597267449     2        C10       26646244     21646244      0      -
      4675.735831801     2        C10       17017642     12017642      0      -
      4675.753305338     2        C10       13685334      8685334      0      -
      4675.883015397     2        C10        8591918      3591918      0      -
      4675.892047163     2        C10       10528215      5528215      0      -
      4676.578395140     2        C10       17153180     12153180      0      -
      4676.708115566     2        C10       15509245     10509245      0      -
      4676.835887440     2        C10       13058369      8058369      0      -
      4676.849411151     2        C10        3726270     -1273730      1      0
      4676.853159274     2        C10          54637     -4945363      1      0
      4676.853215825     2        C10        2091100     -2908900      1      0
      4677.078393721     2        C10        4063402      -936598      1      0
      4677.193786218     2        C10       13522732      8522732      0      -
      4677.322321643     2        C10       32790167     27790167      0      -
      4677.467257952     2        C10        2813360     -2186640      1      0
      4677.470531412     2        C10        9765338      4765338      0      -
      4677.599869545     2        C10        9829134      4829134      0      -
      4677.720888957     2        C10       16068517     11068517      0      -
      4678.581596326     2        C10        1162861     -3837139      1      0
      4678.695664510     2        C10        3637035     -1362965      1      0
      4678.699752803     2        C10          55168     -4944832      1      0
      4678.699811018     2        C10          67093     -4932907      1      0
      4678.699880031     2        C10       22102015     17102015      0      -
      4678.837841317     2        C10        6634742      1634742      0      -
      4678.955961231     2        C10        4331966      -668034      1      0
      4678.960742797     2        C10          55297     -4944703      1      0
      4678.960801496     2        C10          68897     -4931103      1      0
      4678.960871986     2        C10       12753447      7753447      0      -
      4679.087287913     2        C10        1917006     -3082994      1      0
      4679.200331210     2        C10        9721089      4721089      0      -
      4679.210505456     2        C10       16560348     11560348      0      -
      4679.339208359     2        C10        4225275      -774725      1      0
      4679.343893838     2        C10       18570051     13570051      0      -
      4679.474077899     2        C10          55662     -4944338      1      0
      4679.474136202     2        C10          69818     -4930182      1      0
      4679.474207750     2        C10          29847     -4970153      1      0
      4679.651593204     2        C10        6808393      1808393      0      -
      4679.770334379     2        C10        9129788      4129788      0      -
      4680.002766154     2        C10        4231487      -768513      1      0
      4680.118650526     2        C10        3250942     -1749058      1      0
      4680.234021911     2         C9       12933192      7933192      1      1
      4680.472369423     2        C10       14641936      9641936      0      -
      4680.602473669     2        C10        4524893      -475107      1      0
      4680.607448125     2        C10        9655739      4655739      0      -
      4680.896057677     2         C9       17260398     12260398      1      1
      4680.913834351     2        C10        6454437      1454437      0      -
      4681.031833016     2        C10       11403495      6403495      0      -
      4681.159496523     2        C10        9588974      4588974      0      -
      4681.282992253     2        C10        7354505      2354505      0      -
      4681.402189739     2        C10        7302925      2302925      0      -
      4681.409950012     2        C10       13568185      8568185      0      -
      4681.423983468     2        C10        9633034      4633034      0      -
      4681.552779263     2        C10       19547531     14547531      0      -
      4681.684369417     2        C10       18644750     13644750      0      -
      4681.703549194     2        C10        3159531     -1840469      1      0
      4681.823950115     2        C10        4679591      -320409      1      0
      4681.829068362     2        C10       22275086     17275086      0      -
      4681.851876209     2        C10        5120171       120171      0      -
      4681.969298659     2        C10        8101835      3101835      0      -
      4681.977913340     2        C10        7713033      2713033      0      -
      4682.097588766     2        C10       11723564      6723564      0      -
      4682.220611740     2        C10        5617959       617959      0      -
      4682.226698950     2        C10       10331799      5331799      0      -
      4682.348424394     2         C9       11732356      6732356      1      1
      4682.471831450     2         C9        6608937      1608937      1      1
      4682.478891982     2         C9        4733473      -266527      1      0
      4682.608168223     2        C10       18618804     13618804      0      -
      4682.627282520     2         C9        4061550      -938450      1      0
      4682.743694619     2        C10         989461     -4010539      1      0
      4682.745192392     2        C10       26771656     21771656      0      -
      4682.883523971     2        C10       22762890     17762890      0      -
      4683.018116307     2        C10       29207190     24207190      0      -
      4683.047868954     2        C10        1979936     -3020064      1      0
      4683.162023821     2        C10       16605700     11605700      0      -
      4683.179080943     2        C10       25122682     20122682      0      -
      4683.323133208     2        C10          54659     -4945341      1      0
      4683.323191280     2        C10       18230627     13230627      0      -
      4683.684881688     2        C10        6069818      1069818      0      -
      4683.803207708     2        C10        3801086     -1198914      1      0
      4683.807457090     2        C10       18400468     13400468      0      -
      4684.111837019     2        C10        1667769     -3332231      1      0
      4684.337257634     2        C10        3782405     -1217595      1      0
      4684.571388444     2        C10        1581876     -3418124      1      0
      4684.684114193     2        C10       11618944      6618944      0      -
      4684.813849656     2        C10        1767511     -3232489      1      0
      4684.816101978     2        C10       27506346     22506346      0      -
      4684.955782154     2        C10       13162384      8162384      0      -
      4685.080677734     2        C10       13960732      8960732      0      -
      4685.095193728     2        C10        7242739      2242739      0      -
      4685.213484105     2        C10       14661839      9661839      0      -
      4685.228652646     2        C10       16935264     11935264      0      -
      4685.356690352     2        C10       10260180      5260180      0      -
      4685.367398539     2        C10       14646610      9646610      0      -
      4685.493933791     2        C10        4442876      -557124      1      0
      4685.619264969     2        C10       10260345      5260345      0      -
      4685.742142394     2        C10        3542048     -1457952      1      0
      4685.856982698     2        C10        1485258     -3514742      1      0
      4685.858918972     2        C10       13149751      8149751      0      -
      4685.872517221     2        C10          55633     -4944367      1      0
      4685.872576507     2        C10          29306     -4970694      1      0
      4686.557572435     2        C10       21188549     16188549      0      -
      4686.690322394     2        C10        5011109        11109      0      -
      4686.695782638     2        C10          55456     -4944544      1      0
      4686.695841981     2        C10          25662     -4974338      1      0
      4686.807588498     2        C10         897750     -4102250      1      0
      4687.491010871     2        C10        9411562      4411562      0      -
      4687.857583267     2        C10        6233699      1233699      0      -
      4687.864264192     2        C10       13659265      8659265      0      -
      4687.990304955     2        C10       10724044      5724044      0      -
      4688.279143074     2        C10          97573     -4902427      1      0
      4688.279244107     2        C10          66341     -4933659      1      0
      4688.279312158     2        C10          29702     -4970298      1      0
      4688.391324463     2        C10        1187051     -3812949      1      0
      4688.392963629     2        C10       21292349     16292349      0      -
      4688.526420495     2        C10          55427     -4944573      1      0
      4688.526479322     2        C10          67690     -4932310      1      0
      4688.526548824     2        C10       10181929      5181929      0      -
      4688.656581580     2        C10       19329123     14329123      0      -
      4688.788189820     2        C10       14668020      9668020      0      -
      4689.082306947     2        C10        4505878      -494122      1      0
      4689.199020723     2        C10        9904669      4904669      0      -
      4689.209434444     2        C10        8426277      3426277      0      -
      4689.335445712     2        C10        4703568      -296432      1      0
      4689.569211007     2        C10        3728872     -1271128      1      0
      4690.019654415     2        C10        1456722     -3543278      1      0
      4690.021560886     2        C10       11656926      6656926      0      -
      4690.150526870     2        C10        3637539     -1362461      1      0
      4690.154612815     2        C10       36610031     31610031      0      -
      4690.306345466     2        C10       14889487      9889487      0      -
      4690.321674502     2        C10       11202681      6202681      0      -
      4690.333334595     2        C10       17399710     12399710      0      -
      4690.467770993     2        C10        8552490      3552490      0      -
      4690.476870914     2        C10       10448565      5448565      0      -
      4690.604705683     2        C10        2239342     -2760658      1      0
      4690.607394576     2        C10       12906456      7906456      0      -
      4690.903041316     2        C10        6917235      1917235      0      -
      4690.910410345     2        C10        1001219     -3998781      1      0
      4691.023442263     2        C10       11954886      6954886      0      -
      4691.147019979     2        C10        3023264     -1976736      1      0
      4691.261848452     2        C10        4922291       -77709      1      0
      4691.378165298     2        C10        2116247     -2883753      1      0
      4691.380736045     2        C10        4295699      -704301      1      0
      4691.621109777     2        C10        7962443      2962443      0      -
      4691.741323832     2        C10        4869984      -130016      1      0
      4691.915968073     2        C10        9508667      4508667      0      -
      4692.037647011     2        C10       20518638     15518638      0      -
      4692.058622207     2        C10        8321991      3321991      0      -
      4692.179105147     2        C10        1092374     -3907626      1      0
      4692.463840334     2        C10       21546123     16546123      0      -
      4692.605496777     2        C10       13554772      8554772      0      -
      4692.619502058     2        C10        6785076      1785076      0      -
      4692.737651797     2        C10        2193797     -2806203      1      0
      4692.740356610     2        C10       11476064      6476064      0      -
      4692.752296199     2        C10       11095607      6095607      0      -
      4692.763858589     2        C10        6574767      1574767      0      -
      4692.881881479     2        C10       10813388      5813388      0      -
      4693.004240758     2        C10        3427160     -1572840      1      0
      4693.008176937     2        C10       10113556      5113556      0      -
      4693.134353768     2        C10       12650625      7650625      0      -
      4693.258872474     2        C10        7174236      2174236      0      -
      4693.489953070     2        C10       13664734      8664734      0      -
      4693.504043710     2        C10        5078447        78447      0      -
      4693.625395090     2        C10       17693764     12693764      0      -
      4693.929599500     2        C10       10489899      5489899      0      -
      4694.052423689     2        C10       21189908     16189908      0      -
      4694.074064311     2        C10       11594487      6594487      0      -
      4694.197577584     2        C10       11498691      6498691      0      -
      4694.322272725     2        C10       22237178     17237178      0      -
      4694.456428377     2        C10          55371     -4944629      1      0
      4694.456487221     2        C10          67951     -4932049      1      0
      4694.456556821     2        C10       11297725      6297725      0      -
      4694.468305223     2        C10       15441358     10441358      0      -
      4694.484239944     2        C10        2135543     -2864457      1      0
      4694.608010291     2        C10        8945187      3945187      0      -
      4694.617405566     2        C10       13893728      8893728      0      -
      4694.743642085     2        C10       16067801     11067801      0      -
      4694.871557943     2        C10       15866987     10866987      0      -
      4695.000446199     2        C10        4928473       -71527      1      0
      4695.172556590     2        C10       12530624      7530624      0      -
      4695.185542176     2        C10        1249452     -3750548      1      0
      4695.300778551     2        C10        5675427       675427      0      -
      4695.306460037     2        C10          79180     -4920820      1      0
      4695.306541780     2        C10       14875252      9875252      0      -
      4695.321842807     2        C10        2321876     -2678124      1      0
      4695.436506179     2        C10           3347     -4996653      1      0
      4695.436527094     2        C10        4325202      -674798      1      0
      4695.441299001     2        C10        7327476      2327476      0      -
      4695.564431142     2        C10        3098303     -1901697      1      0
      4695.568028580     2        C10       16533023     11533023      0      -
      4695.696730149     2        C10        4059295      -940705      1      0
      4695.701329983     2        C10       14705173      9705173      0      -
      4695.716486899     2        C10          55546     -4944454      1      0
      4695.716545533     2        C10        2765652     -2234348      1      0
      4695.830870561     2        C10       25101862     20101862      0      -
      4695.856481903     2        C10          55956     -4944044      1      0
      4695.856541339     2        C10       13563971      8563971      0      -
      4695.982326258     2        C10       14624869      9624869      0      -
      4696.113535812     2        C10        9218775      4218775      0      -
      4696.234397113     2        C10        2070932     -2929068      1      0
      4696.348723710     2        C10       12283758      7283758      0      -
      4696.472653201     2        C10       17625797     12625797      0      -
      4696.490731190     2        C10        1528055     -3471945      1      0
      4696.612740766     2        C10         632305     -4367695      1      0
      4696.899937943     2        C10        4557230      -442770      1      0
      4697.016382031     2        C10       17126702     12126702      0      -
      4697.144859140     2        C10        2089787     -2910213      1      0
      4697.147405499     2        C10        9542927      4542927      0      -
      4697.269078985     2        C10       11205557      6205557      0      -
      4697.392056542     2        C10       18287508     13287508      0      -
      4697.410800043     2        C10       10811998      5811998      0      -
      4697.422081082     2        C10        6673158      1673158      0      -
      4697.552131116     2        C10        2928838     -2071162      1      0
      4697.555634978     2        C10        9511620      4511620      0      -
      4697.847997152     2        C10         821411     -4178589      1      0
      4698.073532180     2        C10        5593858       593858      0      -
      4698.984318498     2        C10          54824     -4945176      1      0
      4698.984376944     2        C10          26300     -4973700      1      0
      4699.154883052     2        C10         367083     -4632917      1      0
      4699.435690827     2        C10       10396935      5396935      0      -
      4699.900535166     2        C10        5395403       395403      0      -
      4700.639161428     2        C10        7850254      2850254      0      -
      4700.758936297     2        C10       10483808      5483808      0      -
      4700.769871652     2        C10       10153913      5153913      0      -
      4700.891634962     2        C10        6040259      1040259      0      -
      4701.009674586     2        C10       11555153      6555153      0      -
      4701.132665899     2        C10        8168228      3168228      0      -
      4701.141338061     2        C10        9982527      4982527      0      -
      4701.262634889     2        C10       17612853     12612853      0      -
      4701.280698300     2        C10        2144783     -2855217      1      0
      4701.398665236     2        C10        1116105     -3883895      1      0
      4701.399789082     2        C10       16053745     11053745      0      -
      4701.532375139     2        C10       17232242     12232242      0      -
      4701.661430769     2        C10        8233653      3233653      0      -
      4701.670214303     2        C10        5919438       919438      0      -
      4701.787601268     2        C10        7607202      2607202      0      -
      4701.795658607     2        C10        3780733     -1219267      1      0
      4701.910366858     2        C10       18847899     13847899      0      -
      4702.041273540     2        C10        3363946     -1636054      1      0
      4702.217133694     2        C10        3639816     -1360184      1      0
      4702.333005740     2        C10        4620525      -379475      1      0
      4702.338074018     2        C10        6592280      1592280      0      -
      4702.456408969     2        C10          55119     -4944881      1      0
      4702.456467452     2        C10          66688     -4933312      1      0
      4702.456536086     2        C10        2992755     -2007245      1      0
      4702.572872592     2        C10        1420878     -3579122      1      0
      4702.685917563     2        C10        8130273      3130273      0      -
      4702.694573072     2        C10        5065415        65415      0      -
      4702.821879708     2        C10       18405029     13405029      0      -
      4702.952575267     2        C10       10174143      5174143      0      -
      4702.963191832     2        C10        3763187     -1236813      1      0
      4703.079226824     2        C10        4445209      -554791      1      0
      4703.307950251     2        C10        7264177      2264177      0      -
      4703.426699319     2        C10        2802945     -2197055      1      0
      4703.889139332     2        C10       19449359     14449359      0      -
      4704.021114557     2        C10        9990716      4990716      0      -
      4704.142429764     2        C10         793166     -4206834      1      0
      4704.427617228     2        C10        5780401       780401      0      -
      4704.827924573     2        C10        7294087      2294087      0      -
      4704.835670215     2        C10        3440341     -1559659      1      0
      4705.464433665     2        C10        3425593     -1574407      1      0
      4705.468306497     2        C10        8090132      3090132      0      -
      4705.704662906     2        C10       15219813     10219813      0      -
      4705.836766153     2        C10       25452672     20452672      0      -
      4705.974599376     2        C10        2304834     -2695166      1      0
      4706.143263750     2        C10         402567     -4597433      1      0
      4706.479684409     2        C10       15459550     10459550      0      -
      4706.616069880     2        C10       34816653     29816653      0      -
      4706.651380804     2        C10        5086697        86697      0      -
      4706.770539532     2        C10       14081157      9081157      0      -
      4707.008742610     2        C10       14926073      9926073      0      -
      4707.135704112     2        C10        4718669      -281331      1      0
      4707.251678984     2        C10       14506199      9506199      0      -
      4707.266650801     2        C10       19296649     14296649      0      -
      4707.407624477     2        C10        7421594      2421594      0      -
      4707.415496933     2        C10        9093403      4093403      0      -
      4707.541894045     2        C10       11622976      6622976      0      -
      4707.554257870     2        C10       16771959     11771959      0      -
      4707.684255131     2        C10       26846810     21846810      0      -
      4707.823237188     2        C10       20520278     15520278      0      -
      4707.955780435     2        C10       10013289      5013289      0      -
      4708.476078561     2        C10        5961497       961497      0      -
      4708.598589394     2        C10       14793832      9793832      0      -
      4708.901167959     2        C10        3584018     -1415982      1      0
      4708.905253718     2        C10        7627773      2627773      0      -
      4709.025376259     2        C10        5878787       878787      0      -
      4709.143437366     2        C10       29005259     24005259      0      -
      4709.284301487     2        C10        3161332     -1838668      1      0
      4709.399154987     2        C10       17798216     12798216      0      -
      4709.417465312     2        C10        7799206      2799206      0      -
      4709.543343911     2        C10        9169555      4169555      0      -
      4709.553694323     2        C10       31185777     26185777      0      -
      4709.712087109     2        C10       16982498     11982498      0      -
      4709.729522676     2        C10        6977101      1977101      0      -
      4709.848907999     2        C10        3936618     -1063382      1      0
      4709.853313749     2        C10       21454057     16454057      0      -
      4709.987931523     2        C10       14664952      9664952      0      -
      4710.003036048     2        C10        8337523      3337523      0      -
      4710.635237634     2        C10        5634469       634469      0      -
      4710.809524187     2        C10       14528692      9528692      0      -
      4710.937651664     2        C10       29303041     24303041      0      -
      4711.084825437     2        C10       16324589     11324589      0      -
      4711.101627524     2        C10        8019683      3019683      0      -
      4711.221767962     2        C10       19440594     14440594      0      -
      4711.241666901     2        C10       13638277      8638277      0      -
      4711.367599653     2        C10       12724486      7724486      0      -
      4711.380330014     2        C10         103257     -4896743      1      0
      4711.380880354     2        C10        4394120      -605880      1      0
      4711.496902188     2        C10        1966685     -3033315      1      0
      4711.499320392     2        C10       12698967      7698967      0      -
      4711.625379913     2        C10       20018206     15018206      0      -
      4711.757987310     2        C10       10593053      5593053      0      -
      4711.886705557     2        C10       20041847     15041847      0      -
      4711.907304435     2        C10       12569412      7569412      0      -
      4712.031404817     2        C10        8323882      3323882      0      -
      4712.151690847     2        C10        9126356      4126356      0      -
      4712.328088567     2        C10        5453384       453384      0      -
      4712.569955313     2        C10        6680632      1680632      0      -
      4712.689355143     2        C10       10086804      5086804      0      -
      4712.700176850     2        C10        5601632       601632      0      -
      4712.817133257     2        C10       12455094      7455094      0      -
      4712.941964487     2        C10        1712505     -3287495      1      0
      4713.055603814     2        C10       20706011     15706011      0      -
      4713.188109554     2        C10       14867703      9867703      0      -
      4713.320135153     2        C10       19291959     14291959      0      -
      4713.339943463     2        C10        8012245      3012245      0      -
      4713.460398611     2        C10       33270752     28270752      0      -
      4713.611499021     2        C10       12254106      7254106      0      -
      4713.624212406     2        C10       11796515      6796515      0      -
      4713.916728982     2        C10        3599067     -1400933      1      0
      4713.920841469     2        C10        8886216      3886216      0      -
      4714.041904453     2        C10        1132016     -3867984      1      0
      4714.043538138     2        C10        8718952      3718952      0      -
      4714.168552795     2        C10       21724398     16724398      0      -
      4714.190763027     2        C10        2645991     -2354009      1      0
      4714.471606017     2        C10        5402427       402427      0      -
      4714.477531913     2        C10       12126570      7126570      0      -
      4714.607456991     2        C10        2691467     -2308533      1      0
      4714.610170829     2        C10          54536     -4945464      1      0
      4714.610227037     2        C10          32790     -4967210      1      0
      4714.610698054     2        C10       15808285     10808285      0      -
      4714.739192346     2        C10        5157226       157226      0      -
      4714.863461482     2        C10        2419369     -2580631      1      0
      4714.977817461     2        C10         943836     -4056164      1      0
      4715.091007439     2        C10         332554     -4667446      1      0
      4715.204384206     2        C10        3185923     -1814077      1      0
      4715.208016120     2        C10       11202379      6202379      0      -
      4715.331248805     2        C10        8757346      3757346      0      -
      4715.452717689     2        C10        9437129      4437129      0      -
      4715.697580019     2        C10        1447161     -3552839      1      0
      4715.699478468     2        C10        8819150      3819150      0      -
      4715.819770906     2        C10          54934     -4945066      1      0
      4715.819829195     2        C10        2067317     -2932683      1      0
      4715.822348140     2        C10        9881357      4881357      0      -
      4715.944918046     2        C10       12531254      7531254      0      -
      4715.957898036     2        C10       18990059     13990059      0      -
      4716.089592671     2        C10       22091231     17091231      0      -
      4716.223466011     2        C10       19792165     14792165      0      -
      4716.243713987     2        C10        7025749      2025749      0      -
      4716.367472329     2        C10       28626503     23626503      0      -
      4716.514786793     2        C10       19465813     14465813      0      -
      4716.534723431     2        C10        8881228      3881228      0      -
      4716.655621523     2        C10       23414707     18414707      0      -
      4716.791200975     2        C10       11205739      6205739      0      -
      4716.802864444     2        C10        4082687      -917313      1      0
      4716.917967953     2        C10         886106     -4113894      1      0
      4717.150046692     2        C10       12600090      7600090      0      -
      4717.163155346     2        C10          55383     -4944617      1      0
      4717.163214089     2        C10       12404461      7404461      0      -
      4717.287996708     2        C10         660675     -4339325      1      0
      4717.289175139     2        C10         918228     -4081772      1      0
      4717.401296647     2        C10        7371224      2371224      0      -
      4717.409191765     2        C10        7607344      2607344      0      -
      4717.534138488     2        C10          55127     -4944873      1      0
      4717.534196453     2        C10        2482748     -2517252      1      0
      4717.761801348     2        C10        3894598     -1105402      1      0
      4718.050741509     2        C10        5245781       245781      0      -
      4718.167990707     2        C10         496980     -4503020      1      0
      4718.168996531     2        C10       22095970     17095970      0      -
      4718.303038697     2        C10        9886332      4886332      0      -
      4718.425102631     2        C10        5885569       885569      0      -
      4718.431508540     2        C10       17198948     12198948      0      -
      4718.590167568     2        C10       33436651     28436651      0      -
      4718.736856486     2        C10       19338983     14338983      0      -
      4718.980190301     2        C10         768426     -4231574      1      0
      4719.092664637     2        C10       17003188     12003188      0      -
      4719.222123286     2        C10        9115865      4115865      0      -
      4719.231693144     2        C10       12010167      7010167      0      -
      4719.363072058     2        C10          55620     -4944380      1      0
      4719.363131172     2        C10          67043     -4932957      1      0
      4719.363199847     2        C10       12642596      7642596      0      -
      4719.376362536     2        C10        2248625     -2751375      1      0
      4719.490804677     2        C10        6135555      1135555      0      -
      4719.497393019     2        C10       12285178      7285178      0      -
      4719.621714616     2        C10       14356674      9356674      0      -
      4719.636522232     2        C10        5894922       894922      0      -
      4719.867103056     2        C10       10451281      5451281      0      -
      4719.989009599     2        C10        7366333      2366333      0      -
      4719.996873394     2        C10       16287808     11287808      0      -
      4720.128328862     2        C10        6483139      1483139      0      -
      4720.247159678     2        C10        2210008     -2789992      1      0
      4720.362468992     2        C10       29860834     24860834      0      -
      4720.505644718     2        C10       13339830      8339830      0      -
      4720.520102020     2        C10        7823158      2823158      0      -
      4720.654769729     2        C10       12621027      7621027      0      -
      4720.667836883     2        C10       13676297      8676297      0      -
      4720.793817962     2        C10        3184172     -1815828      1      0
      4720.797023824     2        C10          54535     -4945465      1      0
      4720.797080001     2        C10       12977729      7977729      0      -
      4720.929105147     2        C10       13723928      8723928      0      -
      4720.943287227     2        C10       15128469     10128469      0      -
      4721.071488328     2        C10        1106016     -3893984      1      0
      4721.241103326     2        C10       22457303     17457303      0      -
      4721.375031759     2        C10        8640656      3640656      0      -
      4721.383678715     2        C10          69094     -4930906      1      0
      4721.383750478     2        C10          24573     -4975427      1      0
      4721.384224568     2        C10        7503233      2503233      0      -
      4721.505725786     2        C10        4394291      -605709      1      0
      4721.682079415     2        C10        2597941     -2402059      1      0
      4721.796808688     2        C10       13524082      8524082      0      -
      4721.922520955     2        C10        5725597       725597      0      -
      4722.664978259     2        C10        6571435      1571435      0      -
      4722.951076614     2        C10       15273885     10273885      0      -
      4723.083432412     2        C10        8964331      3964331      0      -
      4723.204859913     2        C10           3406     -4996594      1      0
      4723.204882713     2        C10        4626950      -373050      1      0
      4723.321887892     2        C10        8301852      3301852      0      -
      4723.442079522     2        C10        3149625     -1850375      1      0
      4723.562882921     2        C10        1420177     -3579823      1      0
      4723.564753012     2        C10       22655935     17655935      0      -
      4723.587912697     2        C10        4036501      -963499      1      0
      4723.704673764     2        C10       14923893      9923893      0      -
      4723.720235659     2        C10        2786965     -2213035      1      0
      4723.839639953     2        C10       12117164      7117164      0      -
      4723.964577822     2        C10        3261734     -1738266      1      0
      4724.192515779     2        C10         577560     -4422440      1      0
      4724.193558756     2        C10       12920591      7920591      0      -
      4724.317909337     2        C10        4432820      -567180      1      0
      4724.322825484     2        C10        9597753      4597753      0      -
      4724.444107608     2        C10        8865421      3865421      0      -
      4724.453493713     2        C10        4886529      -113471      1      0
      4724.580337578     2        C10       12698305      7698305      0      -
      4724.593558098     2        C10       30671925     25671925      0      -
      4724.743089011     2        C10          74263     -4925737      1      0
      4724.743166888     2        C10       16284877     11284877      0      -
      4724.871351770     2        C10       20697771     15697771      0      -
      4724.892564483     2        C10        1877117     -3122883      1      0
      4725.006115485     2        C10       18343025     13343025      0      -
      4725.136206396     2        C10       12235012      7235012      0      -
      4725.260017571     2        C10        2465472     -2534528      1      0
      4725.262936562     2        C10          55435     -4944565      1      0
      4725.262995113     2        C10          68706     -4931294      1      0
      4725.263065394     2        C10       12558044      7558044      0      -
      4725.506182767     2        C10       10762828      5762828      0      -
      4725.742953686     2        C10        1638500     -3361500      1      0
      4725.856389105     2        C10          54762     -4945238      1      0
      4725.856447406     2        C10          66601     -4933399      1      0
      4725.856515722     2        C10        7157391      2157391      0      -
      4725.863679497     2        C10          74254     -4925746      1      0
      4725.864207625     2        C10        6063966      1063966      0      -
      4725.982106967     2        C10        7379871      2379871      0      -
      4726.106632507     2        C10        2341866     -2658134      1      0
      4726.109431279     2        C10        1550515     -3449485      1      0
      4726.223066187     2        C10          55574     -4944426      1      0
      4726.223125421     2        C10          67382     -4932618      1      0
      4726.223194363     2        C10       21021146     16021146      0      -
      4726.244746106     2        C10        2662147     -2337853      1      0
      4726.360542746     2        C10       20779817     15779817      0      -
      4726.493954299     2        C10       14321555      9321555      0      -
      4726.509131963     2        C10        8756002      3756002      0      -
      4726.686089883     2        C10       10910950      5910950      0      -
      4726.816370025     2        C10        5609881       609881      0      -
      4726.935404635     2        C10        2126812     -2873188      1      0
      4727.217909001     2        C10        2425323     -2574677      1      0
      4727.332425114     2        C10        8601146      3601146      0      -
      4727.512983578     2        C10        7165613      2165613      0      -
      4727.638872738     2        C10        3858891     -1141109      1      0
      4727.643183618     2        C10        7849840      2849840      0      -
      4727.763059418     2        C10          54970     -4945030      1      0
      4727.763117728     2        C10          66863     -4933137      1      0
      4727.763186441     2        C10       23005033     18005033      0      -
      4727.786679289     2        C10        4383286      -616714      1      0
      4727.903668051     2        C10        6667444      1667444      0      -
      4727.910785967     2        C10        9491587      4491587      0      -
      4728.032539508     2        C10       12218614      7218614      0      -
      4728.045215580     2        C10       22544644     17544644      0      -
      4728.068264167     2        C10        6308769      1308769      0      -
      4728.189263748     2        C10         699886     -4300114      1      0
      4728.190419728     2        C10       20658255     15658255      0      -
      4728.211591661     2        C10       12520768      7520768      0      -
      4728.340065432     2        C10       20932154     15932154      0      -
      4728.472995369     2        C10       16312577     11312577      0      -
      4728.608547804     2        C10       23537942     18537942      0      -
      4728.745307110     2        C10       18010280     13010280      0      -
      4728.875436580     2        C10       14843128      9843128      0      -
      4729.002972636     2        C10        7309321      2309321      0      -
      4729.296039610     2        C10       13696354      8696354      0      -
      4729.310300555     2        C10       15000263     10000263      0      -
      4729.325752358     2        C10        7850500      2850500      0      -
      4729.445227590     2        C10        4244990      -755010      1      0
      4729.449933683     2        C10        4393633      -606367      1      0
      4729.571639250     2        C10        4418187      -581813      1      0
      4729.576511615     2        C10       30490057     25490057      0      -
      4729.720182093     2        C10       10148707      5148707      0      -
      4729.847465522     2        C10       15000472     10000472      0      -
      4729.974560451     2        C10       11135728      6135728      0      -
      4729.986241352     2        C10       14039805      9039805      0      -
      4730.112241328     2        C10       18384095     13384095      0      -
      4730.412059432     2        C10       16671992     11671992      0      -
      4730.429266110     2        C10       10989495      5989495      0      -
      4730.561753138     2        C10        6934672      1934672      0      -
      4730.569176374     2        C10        8467215      3467215      0      -
      4730.690018415     2        C10           4452     -4995548      1      0
      4730.690045924     2        C10       15634032     10634032      0      -
      4730.818827630     2        C10        6850046      1850046      0      -
      4731.676364637     2        C10       10831006      5831006      0      -
      4731.687692392     2        C10        5333085       333085      0      -
      4731.805360849     2        C10        1531207     -3468793      1      0
      4732.483203671     2        C10        4295394      -704606      1      0
      4732.712468629     2        C10        6271909      1271909      0      -
      4732.834917002     2        C10       10956785      5956785      0      -
      4733.124414913     2        C10         592477     -4407523      1      0
      4733.125458616     2        C10       11272479      6272479      0      -
      4733.248386001     2        C10        7133399      2133399      0      -
      4733.256032640     2        C10       16607315     11607315      0      -
      4733.273102540     2        C10          54975     -4945025      1      0
      4733.273160917     2        C10        6508128      1508128      0      -
      4733.391882696     2        C10        5063565        63565      0      -
      4733.397401501     2        C10        4326076      -673924      1      0
      4733.636118661     2        C10           5397     -4994603      1      0
      4733.636483484     2        C10          49097     -4950903      1      0
      4733.636534929     2        C10       14704233      9704233      0      -
      4733.651689458     2        C10        2425747     -2574253      1      0
      4733.766162511     2        C10        4173387      -826613      1      0
      4734.220062870     2        C10       20945449     15945449      0      -
      4734.357737053     2        C10        9889303      4889303      0      -
      4734.368079506     2        C10       13770936      8770936      0      -
      4734.493718051     2        C10        2712934     -2287066      1      0
      4734.666383658     2        C10          55000     -4945000      1      0
      4734.666442199     2        C10          66674     -4933326      1      0
      4734.666510528     2        C10       14576157      9576157      0      -
      4734.793415311     2        C10       15216103     10216103      0      -
      4735.032724012     2        C10          57413     -4942587      1      0
      4735.148305920     2        C10        4564153      -435847      1      0
      4735.153379996     2        C10       17728855     12728855      0      -
      4735.282904861     2        C10        4096409      -903591      1      0
      4735.398960904     2        C10        4771241      -228759      1      0
      4735.403739687     2        C10          71974     -4928026      1      0
      4735.403813051     2        C10           9400     -4990600      1      0
      4735.521699447     2        C10       11144098      6144098      0      -
      4735.758375943     2        C10          55046     -4944954      1      0
      4735.758434330     2        C10          27157     -4972843      1      0
      4735.875354053     2        C10       13424543      8424543      0      -
      4736.001489872     2        C10       10986546      5986546      0      -
      4736.348352320     2        C10          32535     -4967465      1      0
      4736.698049221     2        C10        2281966     -2718034      1      0
      4736.813596671     2        C10        5072527        72527      0      -
      4736.819116891     2        C10       11205892      6205892      0      -
      4736.942042684     2        C10       15809928     10809928      0      -
      4737.070081815     2        C10       13439858      8439858      0      -
      4737.083979703     2        C10        8991484      3991484      0      -
      4737.205258019     2        C10        7227055      2227055      0      -
      4737.495448148     2        C10        3903466     -1096534      1      0
      4737.499851406     2        C10       21075388     16075388      0      -
      4737.634395651     2        C10       11489833      6489833      0      -
      4737.646339301     2        C10       11433539      6433539      0      -
      4737.770354862     2        C10       13255658      8255658      0      -
      4737.784066167     2        C10        1058099     -3941901      1      0
      4737.896730245     2        C10       14133544      9133544      0      -
      4737.911309625     2        C10        7567911      2567911      0      -
      4738.030764901     2        C10        5285834       285834      0      -
      4738.036557819     2        C10       14667428      9667428      0      -
      4738.167254391     2        C10          54743     -4945257      1      0
      4738.167312267     2        C10          66359     -4933641      1      0
      4738.167380216     2        C10       11079460      6079460      0      -
      4738.178935597     2        C10       18911606     13911606      0      -
      4738.309568123     2        C10          52080     -4947920      1      0
      4738.310121280     2        C10        3894921     -1105079      1      0
      4738.425918643     2        C10       16703999     11703999      0      -
      4738.562373474     2        C10       27535480     22535480      0      -
      4738.704032535     2        C10       17158326     12158326      0      -
      4739.117437543     2        C10       20186741     15186741      0      -
      4739.138136438     2        C10        3064144     -1935856      1      0
      4739.253370731     2        C10       19448350     14448350      0      -
      4739.386301610     2        C10       18905094     13905094      0      -
      4739.521538597     2        C10        8225117      3225117      0      -
      4739.530222498     2        C10        8875948      3875948      0      -
      4739.658851609     2        C10        9191627      4191627      0      -
      4739.668545097     2        C10        1765837     -3234163      1      0
      4739.782390117     2        C10       24626231     19626231      0      -
      4739.807520160     2        C10        1424859     -3575141      1      0
      4739.922032677     2        C10       12611713      7611713      0      -
      4740.213978814     2        C10        1455587     -3544413      1      0
      4740.845550494     2        C10        1060155     -3939845      1      0
      4741.132631322     2        C10        1971377     -3028623      1      0
      4741.248320479     2        C10        1290683     -3709317      1      0
      4741.474464188     2        C10        5866075       866075      0      -
      4741.600910574     2        C10        7075312      2075312      0      -
      4741.721006565     2        C10           3319     -4996681      1      0
      4741.721027354     2        C10        2473163     -2526837      1      0
      4741.951599506     2        C10        1519630     -3480370      1      0
      4741.953610142     2        C10       11750545      6750545      0      -
      4742.079041923     2        C10        5187195       187195      0      -
      4742.196174897     2        C10       12101977      7101977      0      -
      4742.208728115     2        C10        6965979      1965979      0      -
      4742.327222894     2        C10         944182     -4055818      1      0
      4742.328617645     2        C10        8739736      3739736      0      -
      4742.449451305     2        C10        7181227      2181227      0      -
      4742.973953402     2        C10        1390813     -3609187      1      0
      4742.975800151     2        C10        4442457      -557543      1      0
      4743.378307424     2        C10        2786032     -2213968      1      0
      4743.381602949     2        C10       12005981      7005981      0      -
      4743.512071398     2        C10       11672504      6672504      0      -
      4743.524226004     2        C10        4084574      -915426      1      0
      4743.640964702     2        C10        7078882      2078882      0      -
      4743.648495209     2        C10       11367867      6367867      0      -
      4743.997445561     2        C10       15784509     10784509      0      -
      4744.133109640     2        C10          55588     -4944412      1      0
      4744.133204582     2        C10        2430160     -2569840      1      0
      4744.136113337     2        C10        2267570     -2732430      1      0
      4744.594076750     2        C10        2896331     -2103669      1      0
      4744.766775352     2        C10        2408404     -2591596      1      0
      4745.113441613     2        C10        2308015     -2691985      1      0
      4745.630053403     2        C10        3611127     -1388873      1      0
      4745.746266444     2        C10       10234604      5234604      0      -
      4745.869104581     2        C10        1192215     -3807785      1      0
      4745.982906650     2        C10       23399356     18399356      0      -
      4746.118498434     2        C10       31654556     26654556      0      -
      4746.150607128     2        C10       12089126      7089126      0      -
      4746.281645706     2        C10       18625574     13625574      0      -
      4746.300748174     2        C10       13578805      8578805      0      -
      4746.430122191     2        C10       11991077      6991077      0      -
      4746.560406420     2        C10        6256951      1256951      0      -
      4746.567148366     2        C10       11242868      6242868      0      -
      4746.690351390     2        C10        6652663      1652663      0      -
      4747.264258929     2        C10          56710     -4943290      1      0
      4747.376428627     2        C10          54877     -4945123      1      0
      4747.376487064     2        C10       16120821     11120821      0      -
      4747.506103660     2        C10        8491222      3491222      0      -
      4747.515003246     2        C10       13868126      8868126      0      -
      4747.643136397     2        C10          54814     -4945186      1      0
      4747.643194638     2        C10        1047438     -3952562      1      0
      4747.644624490     2        C10       12318378      7318378      0      -
      4747.884571087     2        C10       23809674     18809674      0      -
      4748.020821619     2        C10        8270083      3270083      0      -
      4748.140966033     2        C10        1865154     -3134846      1      0
      4748.366508597     2        C10        3496698     -1503302      1      0
      4748.481551623     2        C10        1022181     -3977819      1      0
      4748.717804319     2        C10        3557540     -1442460      1      0
      4748.833314592     2        C10         445580     -4554420      1      0
      4748.834155877     2        C10        6756262      1756262      0      -
      4748.952212526     2        C10         902816     -4097184      1      0
      4748.953635697     2        C10       11004289      6004289      0      -
      4749.077594065     2        C10        4073850      -926150      1      0
      4749.194200711     2        C10       13861098      8861098      0      -
      4749.323628343     2        C10       21185344     16185344      0      -
      4749.457340994     2        C10       10558560      5558560      0      -
      4749.586601636     2        C10        3711481     -1288519      1      0
      4749.590849049     2        C10       15779281     10779281      0      -
      4749.607089782     2        C10        2811858     -2188142      1      0
      4749.721794893     2        C10        3879148     -1120852      1      0
      4749.726123881     2        C10       27391822     22391822      0      -
      4749.866755894     2        C10       16305996     11305996      0      -
      4749.883544738     2        C10       22439719     17439719      0      -
      4750.020510413     2        C10       32327297     27327297      0      -
      4750.169560706     2        C10        3341391     -1658609      1      0
      4750.173403021     2        C10       16043842     11043842      0      -
      4750.189958041     2        C10       10794587      5794587      0      -
      4750.313667220     2        C10        4675287      -324713      1      0
      4750.431154608     2        C10        3281521     -1718479      1      0
      4750.434886873     2        C10       16810337     11810337      0      -
      4750.680601827     2        C10        3065871     -1934129      1      0
      4750.684176386     2        C10       14974735      9974735      0      -
      4750.699614055     2        C10        4976443       -23557      1      0
      4751.102563321     2        C10       11044621      6044621      0      -
      4751.114055261     2        C10       17307910     12307910      0      -
      4751.243938363     2        C10        2398908     -2601092      1      0
      4751.358388078     2        C10        6952773      1952773      0      -
      4751.365825997     2        C10       13108794      8108794      0      -
      4751.490624151     2        C10       15774398     10774398      0      -
      4751.506873609     2        C10         941422     -4058578      1      0
      4751.629349666     2        C10       10362982      5362982      0      -
      4751.640202791     2        C10       22517607     17517607      0      -
      4751.775894102     2        C10       12840223      7840223      0      -
      4751.789181732     2        C10         997039     -4002961      1      0
      4751.902566521     2        C10         925108     -4074892      1      0
      4751.903951979     2        C10       13543146      8543146      0      -
      4752.143456563     2        C10        4878327      -121673      1      0
      4752.148787700     2        C10        6811506      1811506      0      -
      4752.268056064     2        C10       18943138     13943138      0      -
      4752.405514582     2        C10        8209570      3209570      0      -
      4752.414170083     2        C10        9681007      4681007      0      -
      4752.541706422     2        C10        2939067     -2060933      1      0
      4752.545092495     2        C10       15980018     10980018      0      -
      4752.673363560     2        C10       10855165      5855165      0      -
      4752.796740487     2        C10       10808094      5808094      0      -
      4752.808067941     2        C10       13879152      8879152      0      -
      4752.934692066     2        C10        6169793      1169793      0      -
      4752.941306214     2        C10       18055410     13055410      0      -
      4752.959822868     2        C10          55703     -4944297      1      0
      4752.959882114     2        C10        2281224     -2718776      1      0
      4753.078498677     2        C10        8209912      3209912      0      -
      4753.087178390     2        C10       16457841     11457841      0      -
      4753.216140182     2        C10       11941551      6941551      0      -
      4753.339713843     2        C10          31995     -4968005      1      0
      4753.340159587     2        C10       26845189     21845189      0      -
      4753.367011570     2        C10          66002     -4933998      1      0
      4753.367080224     2        C10          29194     -4970806      1      0
      4753.367610211     2        C10       15873084     10873084      0      -
      4753.505193402     2        C10        7921461      2921461      0      -
      4753.513119524     2        C10       14165168      9165168      0      -
      4753.657203627     2        C10        3997994     -1002006      1      0
      4753.661650444     2        C10        4331530      -668470      1      0
      4754.061966014     2        C10        9273949      4273949      0      -
      4754.183015099     2        C10        3654437     -1345563      1      0
      4754.530294228     2        C10        8021615      3021615      0      -
      4754.655124558     2        C10        8209562      3209562      0      -
      4754.663814995     2        C10       11439806      6439806      0      -
      4754.843113738     2        C10          54767     -4945233      1      0
      4754.843172282     2        C10         991774     -4008226      1      0
      4754.957015994     2        C10       15784353     10784353      0      -
      4755.086343923     2        C10        9918549      4918549      0      -
      4755.208082770     2        C10        9165844      4165844      0      -
      4755.333477474     2        C10       26040641     21040641      0      -
      4755.473165593     2        C10       35481270     30481270      0      -
      4755.642270093     2        C10       28023872     23023872      0      -
      4755.670801604     2        C10        2862472     -2137528      1      0
      4755.785739702     2        C10        8411257      3411257      0      -
      4755.794654281     2        C10        8955195      3955195      0      -
      4755.915840810     2        C10       11092981      6092981      0      -
      4755.927388536     2        C10       12941498      7941498      0      -
      4756.052819193     2        C10       13437846      8437846      0      -
      4756.066835838     2        C10        4136315      -863685      1      0
      4756.184368688     2        C10         634319     -4365681      1      0
      4756.298098952     2        C10        8385820      3385820      0      -
      4756.419432534     2        C10       17549715     12549715      0      -
      4756.662980685     2        C10       12455937      7455937      0      -
      4756.675886577     2        C10        8697849      3697849      0      -
      4756.796822537     2        C10       19596204     14596204      0      -
      4756.816946586     2        C10       16413189     11413189      0      -
      4756.947785831     2        C10       15744164     10744164      0      -
      4757.075134636     2        C10        5353814       353814      0      -
      4757.080944373     2        C10       20820088     15820088      0      -
      4757.214206060     2        C10        1596068     -3403932      1      0
      4757.216256766     2        C10        9666422      4666422      0      -
      4757.738169233     2        C10        3596310     -1403690      1      0
      4757.854332948     2        C10       11496751      6496751      0      -
      4757.866339874     2        C10        2161880     -2838120      1      0
      4757.981076560     2        C10       33086888     28086888      0      -
      4758.126947004     2        C10       18875246     13875246      0      -
      4758.146273437     2        C10       25114206     20114206      0      -
      4758.289662462     2        C10        6025785      1025785      0      -
      4758.296143802     2        C10       11705100      6705100      0      -
      4758.308360992     2        C10        3690315     -1309685      1      0
      4758.426517005     2        C10       20278364     15278364      0      -
      4758.559721722     2        C10          55375     -4944625      1      0
      4758.559780722     2        C10          67542     -4932458      1      0
      4758.559849873     2        C10       13491854      8491854      0      -
      4758.573868086     2        C10        2109077     -2890923      1      0
      4758.688087317     2        C10        5559042       559042      0      -
      4758.806294226     2        C10       23978576     18978576      0      -
      4758.830806065     2        C10        4487549      -512451      1      0
      4758.947481284     2        C10        1808590     -3191410      1      0
      4759.179240490     2        C10       13822232      8822232      0      -
      4759.304851682     2        C10       15843296     10843296      0      -
      4759.321202636     2        C10        1595105     -3404895      1      0
      4759.553068966     2        C10          54967     -4945033      1      0
      4759.553127499     2        C10          66369     -4933631      1      0
      4759.553195421     2        C10       10111206      5111206      0      -
      4760.080513465     2        C10        8828082      3828082      0      -
      4760.201099673     2        C10        1829459     -3170541      1      0
      4760.203448829     2        C10        6824400      1824400      0      -
      4760.323810348     2        C10       25267108     20267108      0      -
      4760.461769687     2        C10       10023709      5023709      0      -
      4760.644052029     2        C10         484673     -4515327      1      0
      4760.757660926     2        C10          54760     -4945240      1      0
      4760.757718923     2        C10          66492     -4933508      1      0
      4760.757787175     2        C10          58292     -4941708      1      0
      4760.758214921     2        C10       15796056     10796056      0      -
      4760.774492772     2        C10        2505343     -2494657      1      0
      4760.889293250     2        C10         855918     -4144082      1      0
      4761.344253205     2        C10        2552128     -2447872      1      0
      4761.688248797     2        C10       17874415     12874415      0      -
      4761.818209100     2        C10       10688073      5688073      0      -
      4761.941106894     2        C10       17054890     12054890      0      -
      4761.958625876     2        C10        2109383     -2890617      1      0
      4762.076377871     2        C10          45367     -4954633      1      0
      4762.076425792     2        C10          45164     -4954836      1      0
      4762.076472934     2        C10          52208     -4947792      1      0
      4762.076527022     2        C10        3659777     -1340223      1      0
      4762.080641820     2        C10       12827616      7827616      0      -
      4762.207935623     2        C10       25722846     20722846      0      -
      4762.346177840     2        C10        7000764      2000764      0      -
      4762.353703357     2        C10        6568646      1568646      0      -
      4762.472219127     2        C10       21387875     16387875      0      -
      4762.612752268     2        C10        1414479     -3585521      1      0
      4762.614615482     2        C10       14522893      9522893      0      -
      4762.629631199     2        C10       14024396      9024396      0      -
      4762.755629892     2        C10        2138506     -2861494      1      0
      4762.758214059     2        C10       12611033      7611033      0      -
      4763.005040635     2        C10        1087119     -3912881      1      0
      4763.006583684     2        C10        3703666     -1296334      1      0
      4763.122338822     2        C10       15218801     10218801      0      -
      4763.138004857     2        C10        5598286       598286      0      -
      4763.255283940     2        C10       18421922     13421922      0      -
      4763.274153373     2        C10        1252272     -3747728      1      0
      4763.387549477     2        C10       25103138     20103138      0      -
      4763.413181187     2        C10        1983638     -3016362      1      0
      4763.527974078     2        C10        4790770      -209230      1      0
      4763.533226211     2        C10        2334315     -2665685      1      0
      4763.652447079     2        C10       19743243     14743243      0      -
      4763.785479855     2        C10        6832951      1832951      0      -
      4763.904212827     2        C10       11269537      6269537      0      -
      4764.027780186     2        C10       31035520     26035520      0      -
      4764.171466728     2        C10       12136095      7136095      0      -
      4764.414639492     2        C10          55666     -4944334      1      0
      4764.414699199     2        C10          67155     -4932845      1      0
      4764.414767905     2        C10          35957     -4964043      1      0
      4764.535892914     2        C10       14115725      9115725      0      -
      4764.662859924     2        C10        2215425     -2784575      1      0
      4764.665526332     2        C10       19468828     14468828      0      -
      4764.799395518     2        C10       13541990      8541990      0      -
      4764.813515483     2        C10        5050047        50047      0      -
      4764.930335162     2        C10       17940327     12940327      0      -
      4764.948741071     2        C10        4643916      -356084      1      0
      4765.067211652     2        C10       10321769      5321769      0      -
      4765.191306928     2        C10        8016066      3016066      0      -
      4765.199772348     2        C10          55459     -4944541      1      0
      4765.199830948     2        C10        6668316      1668316      0      -
      4765.318392910     2        C10       10741684      5741684      0      -
      4765.565341113     2        C10       15158774     10158774      0      -
      4765.692995923     2        C10       26691174     21691174      0      -
      4765.839432979     2        C10       10533228      5533228      0      -
      4765.962403013     2        C10       21115984     16115984      0      -
      4765.984030032     2        C10        6128645      1128645      0      -
      4766.102201432     2        C10       10138730      5138730      0      -
      4766.112792671     2        C10        1624672     -3375328      1      0
      4766.226311400     2        C10       20730125     15730125      0      -
      4766.247048246     2        C10          73939     -4926061      1      0
      4766.247125013     2        C10          32130     -4967870      1      0
      4766.247697717     2        C10        2178661     -2821339      1      0
      4766.473842902     2        C10        2271561     -2728439      1      0
      4766.476637487     2        C10        7564449      2564449      0      -
      4766.602688728     2        C10       27625763     22625763      0      -
      4766.630777342     2        C10       10414628      5414628      0      -
      4766.756590900     2        C10       22780596     17780596      0      -
      4766.892243283     2        C10       23755802     18755802      0      -
      4766.916452246     2        C10          55306     -4944694      1      0
      4766.916511437     2        C10       16571529     11571529      0      -
      4767.049212100     2        C10       20796347     15796347      0      -
      4767.070467356     2        C10       13136579      8136579      0      -
      4767.197115872     2        C10       13117862      8117862      0      -
      4767.210719766     2        C10       11571537      6571537      0      -
      4767.339222340     2        C10        8842208      3842208      0      -
      4767.348510537     2        C10       31034854     26034854      0      -
      4767.494671826     2        C10       11312440      6312440      0      -
      4767.506412520     2        C10          52297     -4947703      1      0
      4767.506467334     2        C10          45518     -4954482      1      0
      4767.506514839     2        C10        6359988      1359988      0      -
      4767.630740728     2        C10        2494450     -2505550      1      0
      4768.368946872     2        C10        1979734     -3020266      1      0
      4768.483855496     2        C10       16435544     11435544      0      -
      4768.618200107     2        C10       15841378     10841378      0      -
      4768.634487039     2        C10       11609478      6609478      0      -
      4768.758390641     2        C10        2774986     -2225014      1      0
      4768.761616032     2        C10        8650281      3650281      0      -
      4769.113553006     2        C10        6712008      1712008      0      -
      4769.120780904     2        C10        4277248      -722752      1      0
      4769.237089675     2        C10        4937175       -62825      1      0
      4769.353883273     2        C10        1563249     -3436751      1      0
      4769.355898066     2        C10       33474060     28474060      0      -
      4769.505599524     2        C10       10091491      5091491      0      -
      4769.516142753     2        C10       15941842     10941842      0      -
      4769.818671919     2        C10        7763095      2763095      0      -
      4769.826896455     2        C10       12616778      7616778      0      -
      4769.951411181     2        C10       25559246     20559246      0      -
      4769.977491733     2        C10       11761337      6761337      0      -
      4770.102194565     2        C10       24475706     19475706      0      -
      4770.240019181     2        C10       11328263      6328263      0      -
      4770.368073710     2        C10        1681274     -3318726      1      0
      4770.370208753     2        C10        3392412     -1607588      1      0
      4770.485869010     2        C10       15830977     10830977      0      -
      4770.502637216     2        C10        3700377     -1299623      1      0
      4770.625017249     2        C10        2921150     -2078850      1      0
      4770.628425896     2        C10        6608798      1608798      0      -
      4770.748239367     2        C10       27746650     22746650      0      -
      4770.776498657     2        C10          53233     -4946767      1      0
      4770.776554432     2        C10        5314445       314445      0      -
      4770.895116201     2        C10       15558485     10558485      0      -
      4771.023653473     2        C10       10005795      5005795      0      -
      4771.034165945     2        C10        8754275      3754275      0      -
      4771.161986763     2        C10        6920211      1920211      0      -
      4771.169357665     2        C10       17327948     12327948      0      -
      4771.298492881     2        C10        4537126      -462874      1      0
      4771.303528768     2        C10        3041182     -1958818      1      0
      4771.417745533     2        C10        9069099      4069099      0      -
      4771.543810450     2        C10       13143679      8143679      0      -
      4771.670981724     2        C10        1205378     -3794622      1      0
      4771.672636995     2        C10       13917568      8917568      0      -
      4771.798298985     2        C10        7341650      2341650      0      -
      4772.202677399     2        C10         534384     -4465616      1      0
      4772.203732581     2        C10       31521177     26521177      0      -
      4772.347236906     2        C10        5395830       395830      0      -
      4772.353088526     2        C10          55906     -4944094      1      0
      4772.353147450     2        C10       10722458      5722458      0      -
      4772.364311855     2        C10       21937578     16937578      0      -
      4772.502902599     2        C10        2764920     -2235080      1      0
      4772.628679839     2        C10       23098330     18098330      0      -
      4772.764242441     2        C10       18428579     13428579      0      -
      4772.783284187     2        C10        4295992      -704008      1      0
      4772.900118527     2        C10        6068133      1068133      0      -
      4772.906644355     2        C10       32681622     27681622      0      -
      4773.054648898     2        C10       12979653      7979653      0      -
      4773.068076054     2        C10        5584372       584372      0      -
      4773.185304676     2        C10       14436491      9436491      0      -
      4773.313486233     2        C10        8116094      3116094      0      -
      4773.322008536     2        C10       26691307     21691307      0      -
      4773.461161360     2        C10       15781285     10781285      0      -
      4773.594637839     2        C10       21318161     16318161      0      -
      4773.840433336     2        C10        5078369        78369      0      -
      4774.129968816     2        C10       10036223      5036223      0      -
      4774.140460879     2        C10       13074543      8074543      0      -
      4774.153993541     2        C10        2942237     -2057763      1      0
      4774.493240684     2        C10        6148688      1148688      0      -
      4774.617487649     2        C10        4592772      -407228      1      0
      4774.734795637     2        C10         404268     -4595732      1      0
      4774.735682299     2        C10       21307937     16307937      0      -
      4774.874785920     2        C10       11373870      6373870      0      -
      4774.997580157     2        C10          51204     -4948796      1      0
      4774.998027537     2        C10       14329757      9329757      0      -
      4775.012810989     2        C10       10228606      5228606      0      -
      4775.135012079     2        C10       11921708      6921708      0      -
      4775.260276168     2        C10       23143742     18143742      0      -
      4775.396801065     2        C10        2967688     -2032312      1      0
      4775.399788227     2        C10       27103903     22103903      0      -
      4775.427426578     2        C10       11211308      6211308      0      -
      4775.560190584     2        C10       13773745      8773745      0      -
      4776.028429662     2        C10        5732596       732596      0      -
      4776.146419457     2        C10          55210     -4944790      1      0
      4776.146478297     2        C10        6235717      1235717      0      -
      4776.153165672     2        C10        1166859     -3833141      1      0
      4776.265766609     2        C10        4499051      -500949      1      0
      4776.270718645     2        C10       11394977      6394977      0      -
      4776.400857306     2        C10       14578608      9578608      0      -
      4776.415888607     2        C10        6478642      1478642      0      -
      4776.538605762     2        C10        6640097      1640097      0      -
      4776.545810937     2        C10        3974721     -1025279      1      0
      4776.662516369     2        C10       14521501      9521501      0      -
      4776.789383395     2        C10       19996197     14996197      0      -
      4776.921162027     2        C10       12828877      7828877      0      -
      4777.045689142     2        C10        2105722     -2894278      1      0
      4777.048245348     2        C10       14656879      9656879      0      -
      4777.179973951     2        C10       13141127      8141127      0      -
      4777.193581578     2        C10        8401610      3401610      0      -
      4777.426075169     2        C10        3308492     -1691508      1      0
      4777.429842202     2        C10       15242588     10242588      0      -
      4777.562966392     2        C10        1206632     -3793368      1      0
      4777.676635902     2        C10       18471528     13471528      0      -
      4777.809296674     2        C10       23304645     18304645      0      -
      4777.961549926     2        C10       27937473     22937473      0      -
      4777.990015471     2        C10         796477     -4203523      1      0
      4778.102830066     2        C10       23021077     18021077      0      -
      4778.238459988     2        C10       13706206      8706206      0      -
      4778.364485920     2        C10        9118122      4118122      0      -
      4778.485343603     2        C10       14970183      9970183      0      -
      4778.500317434     2        C10       11441482      6441482      0      -
      4778.512219932     2        C10        9436744      4436744      0      -
      4778.644444798     2        C10       20276347     15276347      0      -
      4778.777795538     2        C10        5449970       449970      0      -
      4778.895025405     2        C10       10398195      5398195      0      -
      4779.017889494     2        C10        6593514      1593514      0      -
      4779.136644374     2        C10        3613989     -1386011      1      0
      4779.252427940     2        C10       23370939     18370939      0      -
      4779.396045556     2        C10       10861267      5861267      0      -
      4779.407362941     2        C10        1450932     -3549068      1      0
      4779.524101499     2        C10        1495119     -3504881      1      0
      4779.640043146     2        C10       28601141     23601141      0      -
      4779.669171380     2        C10        6900770      1900770      0      -
      4779.788562738     2        C10        7716565      2716565      0      -
      4779.796836155     2        C10        5300204       300204      0      -
      4779.913666730     2        C10        7176390      2176390      0      -
      4780.032944453     2        C10        2285353     -2714647      1      0
      4780.153551373     2        C10       13355536      8355536      0      -
      4780.278895720     2        C10        5114674       114674      0      -
      4780.284454025     2        C10       16696357     11696357      0      -
      4780.414384353     2        C10       15877752     10877752      0      -
      4780.430784748     2        C10        2442208     -2557792      1      0
      4780.774593001     2        C10        9679378      4679378      0      -
      4780.784751819     2        C10        6132150      1132150      0      -
      4780.909419087     2        C10        6970703      1970703      0      -
      4780.975399322     2        C10       21108566     16108566      0      -
      4780.998814493     2         C1          10508         8508      0      -
      4781.040677883     2        C10         169173     -4830827      1      0
