          Time-Start   CPU    C-State      Sleep[ns]    Delta[ns]   Miss  Below
      4784.919456061     2         C1         413170       411170      1      1
      4784.919882040     2        C10         773624     -4226376      1      0
      4785.041801840     2        C1E          13689        -6311      1      0
      4785.217868236     2        C10       22828547     17828547      0      -
      4785.356386606     2        C10          55668     -4944332      1      0
      4785.356445212     2        C10          69368     -4930632      1      0
      4785.356516217     2        C10       10284228      5284228      0      -
      4785.478357246     2        C10        1006273     -3993727      1      0
      4785.479863224     2        C10        3741698     -1258302      1      0
      4785.601579259     2        C10       18522075     13522075      0      -
      4785.732884845     2        C10         588853     -4411147      1      0
      4785.733916274     2        C10        5518609       518609      0      -
      4785.851462704     2        C10        4191018      -808982      1      0
      4785.856099083     2        C10       10030886      5030886      0      -
      4785.977975097     2        C10        7700366      2700366      0      -
      4786.381206149     2        C10       12097474      7097474      0      -
      4786.507711030     2        C10        4506756      -493244      1      0
      4786.681955669     2        C10          54897     -4945103      1      0
      4786.682013736     2        C10          61554     -4938446      1      0
      4786.682440667     2        C10        5498923       498923      0      -
      4786.799200389     2        C10        8113824      3113824      0      -
      4786.922741638     2        C10       22043705     17043705      0      -
      4787.056883623     2        C10       17365500     12365500      0      -
      4787.186466937     2        C10          55121     -4944879      1      0
      4787.186525682     2        C10       14205315      9205315      0      -
      4787.312577212     2        C10        1600372     -3399628      1      0
      4787.769838222     2        C10       21916731     16916731      0      -
      4787.904746591     2        C10       23730637     18730637      0      -
      4788.041071285     2        C10       18623651     13623651      0      -
      4788.060196150     2        C10        5758906       758906      0      -
      4788.290991291     2        C10        6738478      1738478      0      -
      4788.416238567     2        C10        5496656       496656      0      -
      4788.422177917     2        C10       20484548     15484548      0      -
      4788.443148099     2        C10          56586     -4943414      1      0
      4788.443207947     2        C10        7657356      2657356      0      -
      4788.569603079     2        C10       16534464     11534464      0      -
      4788.586582503     2        C10       12815510      7815510      0      -
      4788.712497701     2        C10        5341501       341501      0      -
      4788.718281233     2        C10       12201599      7201599      0      -
      4788.730488956     2        C10          71972     -4928028      1      0
      4788.730563266     2        C10          35752     -4964248      1      0
      4788.731130415     2        C10        8109014      3109014      0      -
      4788.851189193     2        C10       19548006     14548006      0      -
      4788.871179269     2        C10        4662900      -337100      1      0
      4788.987841531     2        C10       19833783     14833783      0      -
      4789.008164581     2        C10        6014911      1014911      0      -
      4789.132705894     2        C10       13050669      8050669      0      -
      4789.258247332     2        C10       22011950     17011950      0      -
      4789.392350417     2        C10        7912059      2912059      0      -
      4789.400708066     2        C10       17487287     12487287      0      -
      4789.418636286     2        C10        1246795     -3753205      1      0
      4789.537990387     2        C10       10797908      5797908      0      -
      4789.661642738     2        C10        4395071      -604929      1      0
      4789.666544794     2        C10       22884691     17884691      0      -
      4789.801076389     2        C10        8954892      3954892      0      -
      4789.810783135     2        C10       12932708      7932708      0      -
      4789.948797988     2        C10       14546982      9546982      0      -
      4790.244329370     2        C10       18829274     13829274      0      -
      4790.893650238     2        C10        8376025      3376025      0      -
      4791.182598468     2        C10        5224462       224462      0      -
      4791.419374812     2        C10        4772084      -227916      1      0
      4791.543076594     2        C10          55537     -4944463      1      0
      4791.543134921     2        C10          67541     -4932459      1      0
      4791.543204102     2        C10        3788302     -1211698      1      0
      4791.716977813     2        C10        9697061      4697061      0      -
      4792.125733677     2        C10       18004056     13004056      0      -
      4792.256638857     2        C10       20085504     15085504      0      -
      4792.389189691     2        C10        3915911     -1084089      1      0
      4792.393585396     2        C10        9936563      4936563      0      -
      4792.634352797     2        C10        9072760      4072760      0      -
      4792.643874132     2        C10        7878371      2878371      0      -
      4792.764028430     2        C10        9276209      4276209      0      -
      4792.773778064     2        C10       13795091      8795091      0      -
      4792.788083259     2        C10        1033618     -3966382      1      0
      4792.907279524     2        C10       11164568      6164568      0      -
      4793.030304693     2        C10        1288622     -3711378      1      0
      4793.143367521     2        C10       20286133     15286133      0      -
      4793.275566789     2        C10        7603152      2603152      0      -
      4793.283666651     2        C10        1521388     -3478612      1      0
      4793.396968730     2        C10       11793541      6793541      0      -
      4793.528558263     2        C10        7368781      2368781      0      -
      4793.536386933     2        C10          54899     -4945101      1      0
      4793.536445250     2        C10          67536     -4932464      1      0
      4793.536514387     2        C10       21474358     16474358      0      -
      4793.678102904     2        C10        9974110      4974110      0      -
      4793.801076594     2        C10        3599355     -1400645      1      0
      4793.805119358     2        C10        7036439      2036439      0      -
      4793.924073179     2        C10        9809306      4809306      0      -
      4794.619237716     2        C10        3544728     -1455272      1      0
      4794.735324378     2        C10        8384329      3384329      0      -
      4794.743715318     2        C10          73950     -4926050      1      0
      4794.743792079     2        C10          32643     -4967357      1      0
      4794.856066780     2        C10        8296237      3296237      0      -
      4794.864804543     2        C10       22116450     17116450      0      -
      4795.000154511     2        C10        9345699      4345699      0      -
      4795.009950766     2        C10         403410     -4596590      1      0
      4795.127443826     2        C10       26126174     21126174      0      -
      4795.265906747     2        C10       21492351     16492351      0      -
      4795.399503124     2        C10       18824609     13824609      0      -
      4795.647472047     2        C10       22823019     17823019      0      -
      4795.782775134     2        C10        9695247      4695247      0      -
      4795.792916667     2        C10       15803063     10803063      0      -
      4795.926491364     2        C10       11504424      6504424      0      -
      4795.938447070     2        C10       21867631     16867631      0      -
      4796.074180389     2        C10        8613634      3613634      0      -
      4796.195026188     2        C10        8286841      3286841      0      -
      4796.203819628     2        C10       16077408     11077408      0      -
      4796.332757365     2        C10        9228484      4228484      0      -
      4796.454733202     2        C10       12565642      7565642      0      -
      4796.592312401     2        C10       28039309     23039309      0      -
      4796.620846894     2        C10          55861     -4944139      1      0
      4796.620906552     2        C10          67999     -4932001      1      0
      4796.620976275     2        C10        6896798      1896798      0      -
      4796.739909197     2        C10        5456881       456881      0      -
      4796.745816749     2        C10        1115386     -3884614      1      0
      4797.197241679     2        C10        8816789      3816789      0      -
      4797.493948645     2        C10       14086421      9086421      0      -
      4797.623102316     2        C10          55395     -4944605      1      0
      4797.623161002     2        C10       17160624     12160624      0      -
      4797.752615347     2        C10        4470008      -529992      1      0
      4798.266393598     2        C10          55311     -4944689      1      0
      4798.266452228     2        C10          66472     -4933528      1      0
      4798.266520342     2        C10        3465957     -1534043      1      0
      4798.383305301     2        C10       12107573      7107573      0      -
      4798.507603413     2        C10        2658559     -2341441      1      0
      4798.510709727     2        C10        6923828      1923828      0      -
      4798.630583378     2        C10       17824852     12824852      0      -
      4798.648854635     2        C10       16106858     11106858      0      -
      4798.779184124     2        C10       23887146     18887146      0      -
      4798.803574799     2        C10          56240     -4943760      1      0
      4798.803634395     2        C10          67957     -4932043      1      0
      4798.803704172     2        C10        5890563       890563      0      -
      4798.931254239     2        C10       21310741     16310741      0      -
      4798.953027923     2        C10          54783     -4945217      1      0
      4798.953086118     2        C10          66965     -4933035      1      0
      4798.953154685     2        C10       11224108      6224108      0      -
      4799.076475798     2        C10          54686     -4945314      1      0
      4799.076533468     2        C10       17294098     12294098      0      -
      4799.094275187     2        C10        2329273     -2670727      1      0
      4799.208775424     2        C10        8151714      3151714      0      -
      4799.385050126     2        C10        5837864       837864      0      -
      4799.505287696     2        C10        4976058       -23942      1      0
      4799.510727632     2        C10       10992998      5992998      0      -
      4799.648149039     2        C10        8959567      3959567      0      -
      4799.657558397     2        C10       23483950     18483950      0      -
      4799.793580618     2        C10        4425120      -574880      1      0
      4799.798448818     2        C10        5093657        93657      0      -
      4799.916149663     2        C10       10533039      5533039      0      -
      4800.038765679     2        C10       14831783      9831783      0      -
      4800.054038318     2        C10       12204652      7204652      0      -
      4800.178425731     2        C10        5227316       227316      0      -
      4800.183659392     2        C10          69744     -4930256      1      0
      4800.183731737     2        C10       16131355     11131355      0      -
      4800.543083715     2        C10          55742     -4944258      1      0
      4800.543143190     2        C10       12096130      7096130      0      -
      4800.555732608     2        C10        5122498       122498      0      -
      4800.673071013     2        C10          55129     -4944871      1      0
      4800.673129030     2        C10          67709     -4932291      1      0
      4800.673198569     2        C10       17542637     12542637      0      -
      4800.914807318     2        C10        5511675       511675      0      -
      4800.920827379     2        C10        8393765      3393765      0      -
      4801.041799132     2        C10       17203854     12203854      0      -
      4801.059446919     2        C10          56101     -4943899      1      0
      4801.059507375     2        C10          74608     -4925392      1      0
      4801.059583442     2        C10        3626503     -1373497      1      0
      4801.179567135     2        C10        4636277      -363723      1      0
      4801.184648957     2        C10       10604883      5604883      0      -
      4801.195705850     2        C10       21219003     16219003      0      -
      4801.331559785     2        C10        9646358      4646358      0      -
      4801.453485778     2        C10        6772344      1772344      0      -
      4801.572722449     2        C10        8006304      3006304      0      -
      4801.581170207     2        C10        3689820     -1310180      1      0
      4801.696487895     2        C10        1418813     -3581187      1      0
      4801.698360374     2        C10        3553133     -1446867      1      0
      4801.820969974     2        C10        5957289       957289      0      -
      4802.334876714     2        C10        2095632     -2904368      1      0
      4802.448766726     2        C10        4827756      -172244      1      0
      4802.454039047     2        C10        5745090       745090      0      -
      4802.459789201     2        C10        2804500     -2195500      1      0
      4802.588383685     2        C10        4770877      -229123      1      0
      4802.593645313     2        C10       15625665     10625665      0      -
      4802.721795270     2        C10       14631689      9631689      0      -
      4802.736880934     2        C10       12434627      7434627      0      -
      4803.199858457     2        C10       10099842      5099842      0      -
      4803.210407833     2        C10        6201986      1201986      0      -
      4803.335853934     2        C10        9739339      4739339      0      -
      4803.346113020     2        C10        9552015      4552015      0      -
      4803.468070684     2        C10        6026108      1026108      0      -
      4803.474537861     2        C10       11972313      6972313      0      -
      4803.885994056     2        C10       12951923      7951923      0      -
      4803.899389688     2        C10        3650748     -1349252      1      0
      4804.016690948     2        C10       12392627      7392627      0      -
      4804.148409425     2        C10        7433202      2433202      0      -
      4804.268153574     2        C10        2708605     -2291395      1      0
      4804.271307239     2        C10       11607126      6607126      0      -
      4804.396054226     2        C10        2265500     -2734500      1      0
      4804.514322456     2        C10       19068554     14068554      0      -
      4804.647221658     2        C10       14126786      9126786      0      -
      4804.775070611     2        C10        7095219      2095219      0      -
      4805.351605793     2        C10       11400692      6400692      0      -
      4805.476264107     2        C10       11282443      6282443      0      -
      4805.829699821     2        C10          54953     -4945047      1      0
      4805.829758001     2        C10          66859     -4933141      1      0
      4805.829826439     2        C10        9398919      4398919      0      -
      4805.951914070     2        C10        9769826      4769826      0      -
      4805.962128122     2        C10        7596179      2596179      0      -
      4806.082213467     2        C10        4351510      -648490      1      0
      4806.199125614     2        C10       23375706     18375706      0      -
      4806.222968895     2        C10        9396006      4396006      0      -
      4806.351999651     2        C10       13125033      8125033      0      -
      4806.477878538     2        C10        9046294      4046294      0      -
      4806.607660135     2        C10        5992796       992796      0      -
      4806.726566749     2        C10       10262014      5262014      0      -
      4806.737285394     2        C10       16746452     11746452      0      -
      4806.865867240     2        C10        9716144      4716144      0      -
      4806.876024620     2        C10        5015079        15079      1      0
      4807.169201214     2        C10        8491137      3491137      0      -
      4807.291853210     2        C10        8461953      3461953      0      -
      4807.413074155     2        C10          55479     -4944521      1      0
      4807.413132951     2        C10          68438     -4931562      1      0
      4807.413202980     2        C10        4933741       -66259      1      0
      4807.540105786     2        C10        5752334       752334      0      -
      4807.889952750     2        C10        8745660      3745660      0      -
      4808.180419968     2        C10         425386     -4574614      1      0
      4808.181208458     2        C10       19135169     14135169      0      -
      4808.312972407     2        C10         812888     -4187112      1      0
      4808.314233560     2        C10       20282368     15282368      0      -
      4808.679642891     2        C10        6008676      1008676      0      -
      4808.686098492     2        C10       14219352      9219352      0      -
      4808.812757681     2        C10        4745127      -254873      1      0
      4808.817948049     2        C10        5458958       458958      0      -
      4808.935864092     2        C10        5058953        58953      0      -
      4808.941406805     2        C10       11068508      6068508      0      -
      4809.064642147     2        C10        9075720      4075720      0      -
      4809.074157753     2        C10       24919049     19919049      0      -
      4809.212785139     2        C10        7432418      2432418      0      -
      4809.625332700     2        C10        1450452     -3549548      1      0
      4809.739208666     2        C10        2411248     -2588752      1      0
      4809.742070409     2        C10        7454940      2454940      0      -
      4809.862725690     2        C10       34213384     29213384      0      -
      4810.009964798     2        C10        3187313     -1812687      1      0
      4810.013599989     2        C10       10928450      5928450      0      -
      4810.141305265     2        C10        8619118      3619118      0      -
      4810.319361005     2        C10        7926474      2926474      0      -
      4810.439558737     2        C10       27197696     22197696      0      -
      4810.580006208     2        C10       22876071     17876071      0      -
      4810.715824937     2        C10         989748     -4010252      1      0
      4810.717263534     2        C10       18418806     13418806      0      -
      4810.851915344     2        C10        1636175     -3363825      1      0
      4810.854032505     2        C10       16228768     11228768      0      -
      4810.982750040     2        C10       20796656     15796656      0      -
      4811.116562921     2        C10        5766583       766583      0      -
      4811.403459696     2        C10        2828241     -2171759      1      0
      4811.637030898     2        C10       12836545      7836545      0      -
      4811.763360304     2        C10        4228138      -771862      1      0
      4811.880283365     2        C10        7540755      2540755      0      -
      4812.000316430     2        C10        7619539      2619539      0      -
      4812.008380486     2        C10        8546303      3546303      0      -
      4812.129139718     2        C10        2079905     -2920095      1      0
      4812.131714234     2        C10        8547358      3547358      0      -
      4812.429019819     2        C10        2307330     -2692670      1      0
      4812.431843886     2        C10        8418427      3418427      0      -
      4812.557869255     2        C10       19482643     14482643      0      -
      4812.690308064     2        C10       13345066      8345066      0      -
      4812.703659237     2        C10          90682     -4909318      1      0
      4812.816624759     2        C10        1387725     -3612275      1      0
      4812.818457253     2        C10       19337010     14337010      0      -
      4812.950379326     2        C10       28407491     23407491      0      -
      4812.979269690     2        C10        3101631     -1898369      1      0
      4813.098500889     2        C10       10782010      5782010      0      -
      4813.109729741     2        C10          55459     -4944541      1      0
      4813.109788872     2        C10          76727     -4923273      1      0
      4813.109867185     2        C10        9074919      4074919      0      -
      4813.231968673     2        C10       12429369      7429369      0      -
      4813.356795320     2        C10        3933519     -1066481      1      0
      4813.361173686     2        C10       10937983      5937983      0      -
      4813.372553203     2        C10        7059240      2059240      0      -
      4813.492850918     2        C10        7464783      2464783      0      -
      4813.500322370     2        C10        7482641      2482641      0      -
      4813.623661512     2        C10        8636998      3636998      0      -
      4813.745664446     2        C10       10587236      5587236      0      -
      4814.154233999     2        C10        9275452      4275452      0      -
      4814.164008959     2        C10       12909842      7909842      0      -
      4814.289822108     2        C10       13315628      8315628      0      -
      4814.599110107     2        C10        7839743      2839743      0      -
      4814.720146127     2        C10       20114537     15114537      0      -
      4814.852965847     2        C10        3325155     -1674845      1      0
      4814.856827054     2        C10       32561506     27561506      0      -
      4815.002202146     2        C10       23258240     18258240      0      -
      4815.138689199     2        C10       24236204     19236204      0      -
      4815.163532492     2        C10       10107902      5107902      0      -
      4815.286261793     2        C10       10549626      5549626      0      -
      4815.297259074     2        C10       18195045     13195045      0      -
      4815.431143531     2        C10       12448722      7448722      0      -
      4815.444030771     2        C10       20125733     15125733      0      -
      4815.582332775     2        C10       24208421     19208421      0      -
      4815.607043191     2        C10        5819106       819106      0      -
      4815.725711097     2        C10       16839708     11839708      0      -
      4815.855154615     2        C10           4015     -4995985      1      0
      4815.855166212     2        C10       25108373     20108373      0      -
      4815.880776740     2        C10       10208140      5208140      0      -
      4816.004920878     2        C10        5151656       151656      0      -
      4816.352644155     2        C10        4275007      -724993      1      0
      4816.357379433     2        C10       13459231      8459231      0      -
      4816.371280916     2        C10        8437971      3437971      0      -
      4816.492145089     2        C10        1888348     -3111652      1      0
      4816.494475064     2        C10        5825758       825758      0      -
      4816.500304078     2        C10        8039344      3039344      0      -
      4816.624384136     2        C10       19815684     14815684      0      -
      4816.644765700     2        C10       17076163     12076163      0      -
      4816.778399426     2        C10       17499423     12499423      0      -
      4816.915119890     2        C10       15757951     10757951      0      -
      4817.044448111     2        C10       32535269     27535269      0      -
      4817.077494327     2        C10        3730925     -1269075      1      0
      4817.194332904     2        C10       11296439      6296439      0      -
      4817.431242956     2        C10        3922969     -1077031      1      0
      4817.548264466     2        C10       24713150     19713150      0      -
      4817.691079507     2        C10        1309316     -3690684      1      0
      4817.692892859     2        C10       17365252     12365252      0      -
      4817.824186932     2        C10        4252010      -747990      1      0
      4817.829067244     2        C10        9848637      4848637      0      -
      4818.177806656     2        C10        3832197     -1167803      1      0
      4818.294916562     2        C10        1646660     -3353340      1      0
      4818.533077527     2        C10          54874     -4945126      1      0
      4818.533135260     2        C10        7121706      2121706      0      -
      4818.766448438     2        C10          54777     -4945223      1      0
      4818.766507072     2        C10        7138533      2138533      0      -
      4818.773652186     2        C10          69008     -4930992      1      0
      4818.773723764     2        C10          28507     -4971493      1      0
      4818.942569006     2        C10        1836547     -3163453      1      0
      4819.056420338     2        C10          54982     -4945018      1      0
      4819.056478940     2        C10        1063629     -3936371      1      0
      4819.057912509     2        C10       14517987      9517987      0      -
      4819.195130033     2        C10        9415750      4415750      0      -
      4819.316957392     2        C10          54820     -4945180      1      0
      4819.317015815     2        C10          26788     -4973212      1      0
      4819.317451551     2        C10        9975916      4975916      0      -
      4819.554006600     2        C10        6309499      1309499      0      -
      4819.560881373     2        C10        9375683      4375683      0      -
      4819.684132297     2        C10        4675110      -324890      1      0
      4819.979195674     2        C10        1361959     -3638041      1      0
      4819.981074453     2        C10        8384088      3384088      0      -
      4820.102208258     2        C10       16994453     11994453      0      -
      4820.231993593     2        C10        7734522      2734522      0      -
      4820.810703540     2        C10        8963217      3963217      0      -
      4820.932282312     2        C10       11311112      6311112      0      -
      4821.056048726     2        C10         757669     -4242331      1      0
      4821.057305610     2        C10       11497743      6497743      0      -
      4821.180996739     2        C10        4965627       -34373      1      0
      4821.186404578     2        C10          55748     -4944252      1      0
      4821.186464868     2        C10       17877449     12877449      0      -
      4821.318894326     2        C10        2286332     -2713668      1      0
      4821.321627531     2        C10        8357449      3357449      0      -
      4821.620713162     2        C10        6743011      1743011      0      -
      4821.908817838     2        C10        7973380      2973380      0      -
      4822.030137059     2        C10       27424605     22424605      0      -
      4822.176731398     2        C10       18250933     13250933      0      -
      4822.195566821     2        C10       21375600     16375600      0      -
      4822.352729522     2        C10          55005     -4944995      1      0
      4822.352788031     2        C10          27730     -4972270      1      0
      4822.353260245     2        C10       23683297     18683297      0      -
      4822.489343307     2        C10        3113347     -1886653      1      0
      4822.492960961     2        C10        2182908     -2817092      1      0
      4822.721644011     2        C10        5361621       361621      0      -
      4823.129690323     2        C10          55155     -4944845      1      0
      4823.129749020     2        C10          67028     -4932972      1      0
      4823.129817976     2        C10        2122618     -2877382      1      0
      4823.244691073     2        C10        9391471      4391471      0      -
      4823.367344588     2        C10       12608721      7608721      0      -
      4823.899326298     2        C10       24255219     19255219      0      -
      4824.036467012     2        C10          54829     -4945171      1      0
      4824.036525466     2        C10       13787319      8787319      0      -
      4824.163005023     2        C10       13232930      8232930      0      -
      4824.407131718     2        C10       16267136     11267136      0      -
      4824.767430363     2        C10        4710573      -289427      1      0
      4825.341413146     2        C10         958275     -4041725      1      0
      4825.342879326     2        C10          55465     -4944535      1      0
      4825.342938120     2        C10          67034     -4932966      1      0
      4825.343006809     2        C10          62040     -4937960      1      0
      4825.577952980     2        C10       18268239     13268239      0      -
      4825.709253519     2        C10       12155812      7155812      0      -
      4825.839459090     2        C10       12756640      7756640      0      -
      4825.852660974     2        C10       14959131      9959131      0      -
      4825.980930772     2        C10       26143964     21143964      0      -
      4826.119450950     2        C10        2076023     -2923977      1      0
      4826.233802652     2        C10        6847038      1847038      0      -
      4826.353481008     2        C10       15779678     10779678      0      -
      4826.481396072     2        C10       13720423      8720423      0      -
      4826.621545559     2        C10       15436483     10436483      0      -
      4826.637430060     2        C10       11157780      6157780      0      -
      4826.761688803     2        C10        6293402      1293402      0      -
      4826.768481682     2        C10        8903522      3903522      0      -
      4826.889519539     2        C10       13718565      8718565      0      -
      4827.071947871     2        C10        6629913      1629913      0      -
      4827.191292306     2        C10       11877814      6877814      0      -
      4827.318248737     2        C10        6043141      1043141      0      -
      4827.324297124     2        C10          77464     -4922536      1      0
      4827.324377235     2        C10        5760601       760601      0      -
      4827.330555964     2        C10       10666111      5666111      0      -
      4827.456021050     2        C10        4261427      -738573      1      0
      4827.972962373     2        C10        3598356     -1401644      1      0
      4828.092036239     2        C10        8082940      3082940      0      -
      4828.215148525     2        C10       17746380     12746380      0      -
      4828.345959256     2        C10       10527330      5527330      0      -
      4828.356935945     2        C10        7044636      2044636      0      -
      4828.477278778     2        C10       13083324      8083324      0      -
      4828.721835423     2        C10        8369534      3369534      0      -
      4828.846727393     2        C10        6118668      1118668      0      -
      4828.965789823     2        C10        1077716     -3922284      1      0
      4828.967372626     2        C10        6211404      1211404      0      -
      4829.086493619     2        C10       13609930      8609930      0      -
      4829.212679753     2        C10       10839931      5839931      0      -
      4829.223968982     2        C10        1735352     -3264648      1      0
      4829.337579814     2        C10        2796568     -2203432      1      0
      4829.340819900     2        C10       21733427     16733427      0      -
      4829.363033951     2        C10          56351     -4943649      1      0
      4829.363093557     2        C10          69554     -4930446      1      0
      4829.363164609     2        C10        2322801     -2677199      1      0
      4829.478013076     2        C10        9915204      4915204      0      -
      4829.488369064     2        C10       11935248      6935248      0      -
      4829.501327020     2        C10        6419572      1419572      0      -
      4829.629815761     2        C10       22016350     17016350      0      -
      4829.652272540     2        C10        4645293      -354707      1      0
      4829.769803637     2        C10          55100     -4944900      1      0
      4829.769862069     2        C10        6474599      1474599      0      -
      4829.776840874     2        C10       20079560     15079560      0      -
      4829.909648721     2        C10        7272295      2272295      0      -
      4830.029719456     2        C10          55634     -4944366      1      0
      4830.029778893     2        C10          67821     -4932179      1      0
      4830.029848259     2        C10       12737878      7737878      0      -
      4830.043136979     2        C10          55518     -4944482      1      0
      4830.043195693     2        C10        5154432       154432      0      -
      4830.449633755     2        C10        5382140       382140      0      -
      4830.573370153     2        C10       10018268      5018268      0      -
      4830.583840906     2        C10        3524657     -1475343      1      0
      4830.700180460     2        C10       13961825      8961825      0      -
      4830.714584579     2        C10       20542825     15542825      0      -
      4830.849609193     2        C10        8441197      3441197      0      -
      4830.858494814     2        C10       13847263      8847263      0      -
      4830.985145407     2        C10       13877241      8877241      0      -
      4831.117824863     2        C10       14993123      9993123      0      -
      4831.246598416     2        C10       11079585      6079585      0      -
      4831.370039043     2        C10       26403383     21403383      0      -
      4831.396966972     2        C10        9318619      4318619      0      -
      4831.524131550     2        C10       13197547      8197547      0      -
      4831.650539618     2        C10        6853873      1853873      0      -
      4831.770046296     2        C10       25980295     20980295      0      -
      4831.914504146     2        C10       23038482     18038482      0      -
      4832.203326420     2        C10        7622032      2622032      0      -
      4832.492485591     2        C10        2031493     -2968507      1      0
      4832.495011186     2        C10        3828547     -1171453      1      0
      4832.623148750     2        C10        8023146      3023146      0      -
      4832.857606619     2        C10         842168     -4157832      1      0
      4832.858892922     2        C10        9114675      4114675      0      -
      4832.980745527     2        C10        1964155     -3035845      1      0
      4833.208212962     2        C10       12100183      7100183      0      -
      4833.220814965     2        C10        5291613       291613      0      -
      4833.342908731     2        C10        3319451     -1680549      1      0
      4833.460225082     2        C10       16871433     11871433      0      -
      4833.710136350     2        C10        1229654     -3770346      1      0
      4833.824557821     2        C10       35630592     30630592      0      -
      4833.975301050     2        C10       19168710     14168710      0      -
      4833.994913699     2        C10       24792155     19792155      0      -
      4834.142947393     2        C10        6331066      1331066      0      -
      4834.149722839     2        C10          55847     -4944153      1      0
      4834.149783443     2        C10          74768     -4925232      1      0
      4834.149859627     2        C10       33601132     28601132      0      -
      4834.299912007     2        C10       23598565     18598565      0      -
      4834.436163494     2        C10        7820449      2820449      0      -
      4834.620205499     2        C10        2830834     -2169166      1      0
      4834.735666834     2        C10        1106828     -3893172      1      0
      4834.737210686     2        C10        2445038     -2554962      1      0
      4834.859405726     2        C10        6969852      1969852      0      -
      4834.866879732     2        C10       16376838     11376838      0      -
      4834.883748175     2        C10        8377622      3377622      0      -
      4835.005664224     2        C10        3785478     -1214522      1      0
      4835.009897731     2        C10       13548780      8548780      0      -
      4835.135756393     2        C10       11222806      6222806      0      -
      4835.146999518     2        C10          54475     -4945525      1      0
      4835.147056478     2        C10          28066     -4971934      1      0
      4835.260963736     2        C10       21281892     16281892      0      -
      4835.282692686     2        C10         580911     -4419089      1      0
      4835.395425679     2        C10       21654937     16654937      0      -
      4835.417599446     2        C10       12006551      7006551      0      -
      4835.430071932     2        C10        4263511      -736489      1      0
      4835.554264066     2        C10        9324523      4324523      0      -
      4835.564191025     2        C10       21342635     16342635      0      -
      4835.700832275     2        C10       19254003     14254003      0      -
      4835.720536612     2        C10        3045973     -1954027      1      0
      4835.836202727     2        C10         482715     -4517285      1      0
      4835.837174442     2        C10       12008463      7008463      0      -
      4835.961550520     2        C10       17794438     12794438      0      -
      4835.979790482     2        C10          55485     -4944515      1      0
      4835.979850964     2        C10        5372334       372334      0      -
      4836.098350806     2        C10       18693908     13693908      0      -
      4836.117051226     2        C10        2288048     -2711952      1      0
      4836.231691397     2        C10       15289236     10289236      0      -
      4836.246987293     2        C10          68750     -4931250      1      0
      4836.363973365     2        C10        1276550     -3723450      1      0
      4836.365692633     2        C10       21227477     16227477      0      -
      4836.500506916     2        C10         193855     -4806145      1      0
      4836.673435040     2        C10        5709639       709639      0      -
      4836.791896242     2        C10       21689217     16689217      0      -
      4836.926659446     2        C10       13462531      8462531      0      -
      4837.052576612     2        C10        8142694      3142694      0      -
      4837.061164602     2        C10        2481086     -2518914      1      0
      4837.063667764     2        C10          54565     -4945435      1      0
      4837.063723788     2        C10        5376315       376315      0      -
      4837.183407435     2        C10       21530044     16530044      0      -
      4837.317186894     2        C10        5108575       108575      0      -
      4837.322746461     2        C10       12784572      7784572      0      -
      4837.448216307     2        C10        8454586      3454586      0      -
      4837.573606458     2        C10         366938     -4633062      1      0
      4837.574429417     2        C10        5826700       826700      0      -
      4837.870517474     2        C10        5906081       906081      0      -
      4837.989406984     2        C10       11227188      6227188      0      -
      4838.113730511     2        C10       12205536      7205536      0      -
      4838.239161332     2        C10       16946525     11946525      0      -
      4838.369118831     2        C10        6659015      1659015      0      -
      4838.781162594     2        C10        3133515     -1866485      1      0
      4838.784825866     2        C10        3880172     -1119828      1      0
      4839.294891317     2        C10        2692546     -2307454      1      0
      4839.298028759     2        C10        9816018      4816018      0      -
      4839.424352767     2        C10        8786534      3786534      0      -
      4839.433648729     2        C10        3211478     -1788522      1      0
      4839.550729930     2        C10       15589292     10589292      0      -
      4839.679770972     2        C10          55109     -4944891      1      0
      4839.679829547     2        C10       10289313      5289313      0      -
      4839.690567834     2        C10       10516717      5516717      0      -
      4839.813746145     2        C10       27273762     22273762      0      -
      4839.841570856     2        C10       10115266      5115266      0      -
      4839.965412670     2        C10         643125     -4356875      1      0
      4839.966505501     2        C10       40971482     35971482      0      -
      4840.007483675     2        C10          70363     -4929637      1      0
      4840.007556762     2        C10          25823     -4974177      1      0
      4840.134076122     2        C10        1883890     -3116110      1      0
      4840.136458111     2        C10          55605     -4944395      1      0
      4840.136517149     2        C10       30246205     25246205      0      -
      4840.280521059     2        C10        3220232     -1779768      1      0
      4840.628737004     2        C10       11083807      6083807      0      -
      4840.753283721     2        C10       18481593     13481593      0      -
      4840.889836531     2        C10        7089638      2089638      0      -
      4840.897391777     2        C10       11936189      6936189      0      -
      4840.909772393     2        C10          55527     -4944473      1      0
      4840.909831283     2        C10        8478602      3478602      0      -
      4841.032839368     2        C10       17829597     12829597      0      -
      4841.164122244     2        C10       20409735     15409735      0      -
      4841.185049732     2        C10       10109613      5109613      0      -
      4841.309759451     2        C10          54807     -4945193      1      0
      4841.309817861     2        C10       13763784      8763784      0      -
      4841.436305002     2        C10           3657     -4996343      1      0
      4841.436326401     2        C10       13427623      8427623      0      -
      4841.570745873     2        C10        2729583     -2270417      1      0
      4841.573930432     2        C10        8012959      3012959      0      -
      4841.703179824     2        C10       22576325     17576325      0      -
      4841.838409423     2        C10       12661485      7661485      0      -
      4841.964165820     2        C10        6090782      1090782      0      -
      4841.970721700     2        C10        1720375     -3279625      1      0
      4842.085490024     2        C10       10695295      5695295      0      -
      4842.209629835     2        C10        6479011      1479011      0      -
      4842.216624030     2        C10       14165648      9165648      0      -
      4842.403501112     2        C10         847710     -4152290      1      0
      4842.808565733     2        C10        3428763     -1571237      1      0
      4842.812441487     2        C10        6646664      1646664      0      -
      4842.932025466     2        C10       12352488      7352488      0      -
      4843.057095368     2        C10        3162730     -1837270      1      0
      4843.060708988     2        C10        7827333      2827333      0      -
      4843.188914339     2        C10       26762040     21762040      0      -
      4843.216132967     2        C10        2088272     -2911728      1      0
      4843.331336384     2        C10        8457326      3457326      0      -
      4843.452578166     2        C10        4307314      -692686      1      0
      4843.574461272     2        C10       12458832      7458832      0      -
      4844.045334322     2        C10       13766877      8766877      0      -
      4844.171764586     2        C10        2461703     -2538297      1      0
      4844.174738779     2        C10        3254538     -1745462      1      0
      4844.290676273     2        C10        6965682      1965682      0      -
      4844.298084854     2        C10       11454050      6454050      0      -
      4844.310009750     2        C10       10228557      5228557      0      -
      4844.433776236     2        C10        1867090     -3132910      1      0
      4844.436142693     2        C10        7439914      2439914      0      -
      4844.560600458     2        C10        5584641       584641      0      -
      4844.685932275     2        C10        9525756      4525756      0      -
      4844.695894336     2        C10        4442238      -557762      1      0
      4844.813898219     2        C10       12213380      7213380      0      -
      4844.939119123     2        C10       10495600      5495600      0      -
      4844.950219671     2        C10        2622800     -2377200      1      0
      4845.065338248     2        C10       21154528     16154528      0      -
      4845.199357892     2        C10        8598517      3598517      0      -
      4845.438494903     2        C10       11755960      6755960      0      -
      4845.563075603     2        C10          54890     -4945110      1      0
      4845.563134046     2        C10       12534025      7534025      0      -
      4845.576110579     2        C10        3977935     -1022065      1      0
      4845.693173121     2        C10       16210511     11210511      0      -
      4845.822786985     2        C10       12187766      7187766      0      -
      4845.835418187     2        C10        1453016     -3546984      1      0
      4845.949837412     2        C10        7618902      2618902      0      -
      4846.131427291     2        C10         573637     -4426363      1      0
      4846.357229299     2        C10       17914797     12914797      0      -
      4846.489063991     2        C10       31093267     26093267      0      -
      4846.520619485     2        C10         552417     -4447583      1      0
      4846.635173836     2        C10       29883177     24883177      0      -
      4846.665576664     2        C10          62301     -4937699      1      0
      4846.895977752     2        C10         799995     -4200005      1      0
      4847.009768108     2        C10          55732     -4944268      1      0
      4847.009827422     2        C10        5435027       435027      0      -
      4847.015707624     2        C10       20520761     15520761      0      -
      4847.149500530     2        C10       10810589      5810589      0      -
      4847.273857736     2        C10        1335987     -3664013      1      0
      4847.275638540     2        C10       28271368     23271368      0      -
      4847.417767683     2        C10       16464162     11464162      0      -
      4847.434745031     2        C10       14222070      9222070      0      -
      4847.570292715     2        C10        6832893      1832893      0      -
      4847.691305343     2        C10        5267821       267821      0      -
      4847.697105526     2        C10       13026587      8026587      0      -
      4848.162578306     2        C10       16686185     11686185      0      -
      4848.291561623     2        C10        2589036     -2410964      1      0
      4848.294599421     2        C10       11154697      6154697      0      -
      4848.306204331     2        C10       20356260     15356260      0      -
      4848.443032084     2        C10          54886     -4945114      1      0
      4848.443090460     2        C10          67777     -4932223      1      0
      4848.443159940     2        C10       10423136      5423136      0      -
      4848.570452684     2        C10        6462194      1462194      0      -
      4848.577359262     2        C10        5060074        60074      0      -
      4848.695498680     2        C10        2436160     -2563840      1      0
      4849.324622866     2        C10        1314238     -3685762      1      0
      4849.556296345     2        C10        7290172      2290172      0      -
      4849.789808438     2        C10       11036883      6036883      0      -
      4849.919382184     2        C10       10925832      5925832      0      -
      4849.930849216     2        C10       16490974     11490974      0      -
      4850.060152125     2        C10        6822138      1822138      0      -
      4850.066980985     2        C10          70404     -4929596      1      0
      4850.067053905     2        C10       18269811     13269811      0      -
      4850.198154477     2        C10        4530515      -469485      1      0
      4850.203128371     2        C10          55532     -4944468      1      0
      4850.203186751     2        C10        7727270      2727270      0      -
      4850.323605251     2        C10        7055025      2055025      0      -
      4850.561807887     2        C10        2362576     -2637424      1      0
      4850.738776133     2        C10        7143021      2143021      0      -
      4850.746370100     2        C10          55475     -4944525      1      0
      4850.746429153     2        C10          75951     -4924049      1      0
      4850.746507054     2        C10        6964343      1964343      0      -
      4850.866358370     2        C10          55772     -4944228      1      0
      4850.866417467     2        C10          67578     -4932422      1      0
      4850.866486910     2        C10       13788182      8788182      0      -
      4850.994267096     2        C10       13088265      8088265      0      -
      4851.120062298     2        C10        4871490      -128510      1      0
      4851.125377951     2        C10        8207290      3207290      0      -
      4851.365259092     2        C10       17479887     12479887      0      -
      4851.495439865     2        C10        1186199     -3813801      1      0
      4851.497093589     2        C10       18545235     13545235      0      -
      4851.629500566     2        C10       14429661      9429661      0      -
      4851.759179153     2        C10        7740545      2740545      0      -
      4851.767364334     2        C10        6196860      1196860      0      -
      4851.886499555     2        C10       13753345      8753345      0      -
      4851.900702167     2        C10        5305025       305025      0      -
      4852.251921812     2        C10        8384956      3384956      0      -
      4852.260813643     2        C10        6195577      1195577      0      -
      4852.380154714     2        C10        3481762     -1518238      1      0
      4852.609676839     2        C10       13933674      8933674      0      -
      4852.737076944     2        C10       19585390     14585390      0      -
      4852.874700331     2        C10       18224867     13224867      0      -
      4852.893478920     2        C10        2826200     -2173800      1      0
      4853.009285634     2        C10       16225153     11225153      0      -
      4853.025966391     2        C10       12909893      7909893      0      -
      4853.152427403     2        C10       13098751      8098751      0      -
      4853.278318179     2        C10        5368399       368399      0      -
      4853.284128820     2        C10        8807299      3807299      0      -
      4853.405331756     2        C10        9708517      4708517      0      -
      4853.415485412     2        C10        5659931       659931      0      -
      4853.540021923     2        C10       21183537     16183537      0      -
      4853.680349648     2        C10       12288349      7288349      0      -
      4853.806178444     2        C10       11693901      6693901      0      -
      4853.930699860     2        C10       23665535     18665535      0      -
      4854.067249998     2        C10        5795833       795833      0      -
      4854.243193118     2        C10         825662     -4174338      1      0
      4854.364410873     2        C10        9266612      4266612      0      -
      4854.374122749     2        C10       10788058      5788058      0      -
      4854.385550113     2        C10        6355611      1355611      0      -
      4854.507823894     2        C10       22494517     17494517      0      -
      4854.530324354     2        C10          71426     -4928574      1      0
      4854.530399695     2        C10          24595     -4975405      1      0
      4854.530898766     2        C10        7735155      2735155      0      -
      4854.652050896     2        C10        2008431     -2991569      1      0
      4854.654503432     2        C10        9764995      4764995      0      -
      4854.778401304     2        C10       28005501     23005501      0      -
      4854.806879101     2        C10        6325611      1325611      0      -
      4854.926316453     2        C10        3913763     -1086237      1      0
      4854.930677596     2        C10        4894514      -105486      1      0
      4855.048606256     2        C10       13973826      8973826      0      -
      4855.181011295     2        C10        5724561       724561      0      -
      4855.187241306     2        C10       10161594      5161594      0      -
      4855.709078962     2        C10        4559562      -440438      1      0
      4856.227591153     2        C10       13191985      8191985      0      -
      4856.353875495     2        C10       18504567     13504567      0      -
      4856.485125769     2        C10        1192498     -3807502      1      0
      4856.486827824     2        C10       11622305      6622305      0      -
      4856.620899662     2        C10        8309730      3309730      0      -
      4856.629650156     2        C10        2128941     -2871059      1      0
      4856.744659834     2        C10       12109011      7109011      0      -
      4856.869652930     2        C10        2381342     -2618658      1      0
      4856.986851007     2        C10       14539153      9539153      0      -
      4857.001831168     2        C10        8198122      3198122      0      -
      4857.122303255     2        C10       11278925      6278925      0      -
      4857.247078782     2        C10        9777805      4777805      0      -
      4857.375659748     2        C10        7455609      2455609      0      -
      4857.383624810     2        C10        5394039       394039      0      -
      4857.501822692     2        C10        1561147     -3438853      1      0
      4857.787911881     2        C10        5590422       590422      0      -
      4857.905888329     2        C10        4222335      -777665      1      0
      4858.023654778     2        C10        9791794      4791794      0      -
      4858.265461776     2        C10        4790490      -209510      1      0
      4859.123843922     2        C10       21598041     16598041      0      -
      4859.259121635     2        C10       24506806     19506806      0      -
      4859.283647224     2        C10        2213234     -2786766      1      0
      4859.398910610     2        C10        3901759     -1098241      1      0
      4859.579090537     2        C10        1968076     -3031924      1      0
      4859.695156716     2        C10        2193534     -2806466      1      0
      4859.811116012     2        C10        7731615      2731615      0      -
      4859.819292436     2        C10       12599010      7599010      0      -
      4859.944552827     2        C10        7275952      2275952      0      -
      4859.952271970     2        C10       17870608     12870608      0      -
      4860.082439208     2        C10       14966489      9966489      0      -
      4860.097857764     2        C10       21807621     16807621      0      -
      4860.234235958     2        C10       19963485     14963485      0      -
      4860.373630002     2        C10       31743570     26743570      0      -
      4860.522069007     2        C10        7250076      2250076      0      -
      4860.530126692     2        C10       25735126     20735126      0      -
      4860.669971441     2        C10       13600808      8600808      0      -
      4860.684085086     2        C10        4350663      -649337      1      0
      4861.026896500     2        C10       14879363      9879363      0      -
      4861.160100539     2        C10         652563     -4347437      1      0
      4861.445166163     2        C10       10306716      5306716      0      -
      4861.455975241     2        C10       12002549      7002549      0      -
      4861.586826783     2        C10       15005948     10005948      0      -
      4861.602269248     2        C10        3313890     -1686110      1      0
      4862.291443747     2        C10        2547102     -2452898      1      0
      4862.406934972     2        C10        1851704     -3148296      1      0
      4862.527046133     2        C10       19758346     14758346      0      -
      4862.547302004     2        C10        6267304      1267304      0      -
      4862.673647853     2        C10        2105430     -2894570      1      0
      4862.789326104     2        C10       13711652      8711652      0      -
      4863.603433907     2        C10        9501984      4501984      0      -
      4863.726097348     2        C10       13570946      8570946      0      -
      4863.852913993     2        C10       16218034     11218034      0      -
      4863.869574696     2        C10        7340025      2340025      0      -
      4863.991328633     2        C10        4957557       -42443      1      0
      4864.115010337     2        C10        4107916      -892084      1      0
      4864.345437804     2        C10        4218381      -781619      1      0
      4864.633538030     2        C10        4756097      -243903      1      0
      4864.870884626     2        C10       15145236     10145236      0      -
      4864.998755378     2        C10       13363322      8363322      0      -
      4865.124855879     2        C10         680321     -4319679      1      0
      4865.126003207     2        C10       14210612      9210612      0      -
      4865.479662291     2        C10        8191787      3191787      0      -
      4865.607457661     2        C10       15962869     10962869      0      -
      4865.736584827     2        C10        6857067      1857067      0      -
      4865.743892821     2        C10        6167969      1167969      0      -
      4865.863217774     2        C10       15173585     10173585      0      -
      4865.991442214     2        C10       17986018     12986018      0      -
      4866.122185553     2        C10       18762766     13762766      0      -
      4866.253643253     2        C10       12776667      7776667      0      -
      4866.677641331     2        C10        7741520      2741520      0      -
      4866.685832192     2        C10       10036231      5036231      0      -
      4866.809012452     2        C10       14339531      9339531      0      -
      4866.823802781     2        C10       11144291      6144291      0      -
      4866.947824533     2        C10       10472379      5472379      0      -
      4866.958746833     2        C10        7140035      2140035      0      -
      4867.083047591     2        C10          54849     -4945151      1      0
      4867.083105291     2        C10          67548     -4932452      1      0
      4867.083174536     2        C10        7848095      2848095      0      -
      4867.431500523     2        C10       11212162      6212162      0      -
      4867.670423466     2        C10        1988730     -3011270      1      0
      4867.845923623     2        C10        3985922     -1014078      1      0
      4867.850441147     2        C10        5166003       166003      0      -
      4868.307177981     2        C10          55066     -4944934      1      0
      4868.307236508     2        C10          57194     -4942806      1      0
      4868.307689211     2        C10       17478676     12478676      0      -
      4868.438203004     2        C10       17606832     12606832      0      -
      4868.456291450     2        C10       15139898     10139898      0      -
      4868.471885019     2        C10        9816161      4816161      0      -
      4868.608198255     2        C10        6516761      1516761      0      -
      4868.615160971     2        C10       10575283      5575283      0      -
      4868.626181308     2        C10       14079064      9079064      0      -
      4868.754066101     2        C10       15602378     10602378      0      -
      4869.108673465     2        C10        2453706     -2546294      1      0
      4869.225364807     2        C10        4018154      -981846      1      0
      4869.229825875     2        C10        7739159      2739159      0      -
      4869.467582663     2        C10       29332861     24332861      0      -
      4869.610716825     2        C10       29927750     24927750      0      -
      4869.754480904     2        C10       25382566     20382566      0      -
      4869.892545382     2        C10       20552026     15552026      0      -
      4869.913590456     2        C10        3315573     -1684427      1      0
      4870.030818702     2        C10        6222809      1222809      0      -
      4870.156332370     2        C10        5069967        69967      0      -
      4870.274240100     2        C10       10134775      5134775      0      -
      4870.284811958     2        C10        6053340      1053340      0      -
      4870.404317656     2        C10       19261745     14261745      0      -
      4870.657834707     2        C10       20007104     15007104      0      -
      4870.678380772     2        C10        7445217      2445217      0      -
      4870.798545774     2        C10        9104555      4104555      0      -
      4870.808091496     2        C10       16381500     11381500      0      -
      4870.824899330     2        C10        6243428      1243428      0      -
      4870.946044279     2        C10       24383793     19383793      0      -
      4870.970906736     2        C10        5293263       293263      0      -
      4871.088943344     2        C10       14633377      9633377      0      -
      4871.104027087     2        C10       17565952     12565952      0      -
      4871.235051547     2        C10        4843383      -156617      1      0
      4871.352303783     2        C10        1685831     -3314169      1      0
      4871.354439231     2        C10       12471263      7471263      0      -
      4871.366916772     2        C10          72624     -4927376      1      0
      4871.366992336     2        C10          26867     -4973133      1      0
      4871.480703574     2        C10       19603339     14603339      0      -
      4871.627536498     2        C10        7783284      2783284      0      -
      4871.635767633     2        C10       11924859      6924859      0      -
      4871.761289589     2        C10       19055753     14055753      0      -
      4871.895002068     2        C10       28781689     23781689      0      -
      4872.037929219     2        C10       16158537     11158537      0      -
      4872.054616709     2        C10        7600748      2600748      0      -
      4872.706367832     2        C10          55629     -4944371      1      0
      4872.706426687     2        C10         103732     -4896268      1      0
      4872.706531933     2        C10        5857951       857951      0      -
      4872.995194139     2        C10        5143563       143563      0      -
      4873.000775358     2        C10          55373     -4944627      1      0
      4873.000834095     2        C10          69427     -4930573      1      0
      4873.000905059     2        C10          10073     -4989927      1      0
      4873.116514571     2        C10        3635965     -1364035      1      0
      4873.120631805     2        C10       15513447     10513447      0      -
      4873.248872154     2        C10        2904304     -2095696      1      0
      4873.252237614     2        C10       21689473     16689473      0      -
      4873.386543718     2        C10       17688852     12688852      0      -
      4873.687481476     2        C10       15684261     10684261      0      -
      4873.815884726     2        C10       13448200      8448200      0      -
      4873.951448782     2        C10       12125372      7125372      0      -
      4873.964056266     2        C10       12190724      7190724      0      -
      4874.090740073     2        C10       20208325     15208325      0      -
      4874.111401152     2        C10       11436046      6436046      0      -
      4874.237777777     2        C10       14415761      9415761      0      -
      4874.365456250     2        C10       27312946     22312946      0      -
      4874.393218160     2        C10        3696909     -1303091      1      0
      4874.518285525     2        C10         504299     -4495701      1      0
      4874.519182703     2        C10       12068386      7068386      0      -
      4874.652580906     2        C10        1362935     -3637065      1      0
      4874.654386629     2        C10        1862555     -3137445      1      0
      4874.825878694     2        C10        1389141     -3610859      1      0
      4874.827780136     2        C10        9736838      4736838      0      -
      4874.950476413     2        C10       28602230     23602230      0      -
      4874.979549360     2        C10        3583296     -1416704      1      0
      4875.444770391     2        C10        5531020       531020      0      -
      4875.567281267     2        C10        2999829     -2000171      1      0
      4875.684529932     2        C10        9514414      4514414      0      -
      4875.694495018     2        C10        4042034      -957966      1      0
      4875.811804352     2        C10        3886684     -1113316      1      0
      4875.928802433     2        C10       14804257      9804257      0      -
      4876.057101105     2        C10           3399     -4996601      1      0
      4876.057122104     2        C10       25603008     20603008      0      -
      4876.198897100     2        C10       11345963      6345963      0      -
      4876.323624713     2        C10        2775258     -2224742      1      0
      4876.326858291     2        C10        6697768      1697768      0      -
      4876.680194605     2        C10          55536     -4944464      1      0
      4876.680253566     2        C10          67464     -4932536      1      0
      4876.680322852     2        C10          36958     -4963042      1      0
      4876.793476900     2        C10        4035192      -964808      1      0
      4877.311595260     2        C10        6103207      1103207      0      -
      4877.430958252     2        C10        9228057      4228057      0      -
      4877.440685915     2        C10       15450480     10450480      0      -
      4877.578611168     2        C10       19848778     14848778      0      -
      4877.599462174     2        C10          62226     -4937774      1      0
      4877.599551055     2        C10       10075133      5075133      0      -
      4877.741796616     2        C10       13617229      8617229      0      -
      4877.869030384     2        C10       13011302      8011302      0      -
      4877.995601541     2        C10       11308543      6308543      0      -
      4878.119553626     2        C10        7356169      2356169      0      -
      4878.242691467     2        C10        9773368      4773368      0      -
      4878.252908982     2        C10       12973940      7973940      0      -
      4878.384045982     2        C10       17607789     12607789      0      -
      4878.402097559     2        C10        4563524      -436476      1      0
      4878.527179287     2        C10        7878770      2878770      0      -
      4878.648908993     2        C10       15030281     10030281      0      -
      4878.776595151     2        C10        1420506     -3579494      1      0
      4878.778460638     2        C10       20136408     15136408      0      -
      4878.911256831     2        C10        1358292     -3641708      1      0
      4879.025682012     2        C10        8363086      3363086      0      -
      4879.153467211     2        C10        4421977      -578023      1      0
      4879.440965426     2        C10        2661902     -2338098      1      0
      4879.563529449     2        C10        3436302     -1563698      1      0
      4879.795663873     2        C10       19315087     14315087      0      -
      4879.933605955     2        C10       10500011      5500011      0      -
      4880.057601821     2        C10       16820432     11820432      0      -
      4880.186910676     2        C10       10683669      5683669      0      -
      4880.366852710     2        C10        2666391     -2333609      1      0
      4880.484247906     2        C10        5993336       993336      0      -
      4880.730243188     2        C10         586788     -4413212      1      0
      4880.956565022     2        C10        3036299     -1963701      1      0
      4881.416356457     2        C10          55395     -4944605      1      0
      4881.416415578     2        C10          66418     -4933582      1      0
      4881.416483727     2        C10        2885617     -2114383      1      0
      4881.539825143     2        C10       17138619     12138619      0      -
      4881.671206448     2        C10       13001555      8001555      0      -
      4881.684721602     2        C10       26960156     21960156      0      -
      4881.831713353     2        C10       10896785      5896785      0      -
      4881.843066291     2        C10          54714     -4945286      1      0
      4881.843124625     2        C10        6147271      1147271      0      -
      4881.961809735     2        C10        4385095      -614905      1      0
      4881.966655389     2        C10       16915411     11915411      0      -
      4882.102033127     2        C10        1173683     -3826317      1      0
      4883.143697754     2        C10        1550555     -3449445      1      0
      4883.258393536     2        C10         745605     -4254395      1      0
      4883.259644869     2        C10       13128519      8128519      0      -
      4883.385606067     2        C10       12124548      7124548      0      -
      4883.692661274     2        C10        6449379      1449379      0      -
      4883.699554212     2        C10        6288924      1288924      0      -
      4883.818996770     2        C10       30323832     25323832      0      -
      4883.849779092     2        C10          55038     -4944962      1      0
      4883.849837746     2        C10        3737382     -1262618      1      0
      4883.967444429     2        C10       15038732     10038732      0      -
      4884.439537112     2        C10       14095900      9095900      0      -
      4884.793845661     2        C10       12589091      7589091      0      -
      4884.920609335     2        C10       11564045      6564045      0      -
      4884.932618065     2        C10       23917002     18917002      0      -
      4885.075953322     2        C10       23658302     18658302      0      -
      4885.231092480     2        C10        6679012      1679012      0      -
      4885.238209690     2        C10       11851185      6851185      0      -
      4885.363382623     2        C10        3961103     -1038897      1      0
      4885.479886593     2        C10       10246507      5246507      0      -
      4885.490579793     2        C10        9713510      4713510      0      -
      4885.500299704     2        C10         101728     -4898272      1      0
      4885.500404092     2        C10        3133486     -1866514      1      0
      4885.622310884     2        C10        7931230      2931230      0      -
      4885.630689159     2        C10       11471760      6471760      0      -
      4885.642615333     2        C10       10955361      5955361      0      -
      4885.767286012     2        C10        4633943      -366057      1      0
      4886.114662682     2        C10       12983328      7983328      0      -
      4886.240504475     2        C10       17456150     12456150      0      -
      4886.371308906     2        C10       33164719     28164719      0      -
      4886.520913986     2        C10        5989851       989851      0      -
      4886.527402241     2        C10        2648010     -2351990      1      0
      4886.650121945     2        C10       21631642     16631642      0      -
      4886.785071118     2        C10        2831714     -2168286      1      0
      4886.788409352     2        C10       20551917     15551917      0      -
      4886.809401722     2        C10        4033149      -966851      1      0
      4886.925981082     2        C10        9688281      4688281      0      -
      4886.936111342     2        C10       25507266     20507266      0      -
      4887.074840881     2        C10        8649631      3649631      0      -
      4887.083935823     2        C10       23774958     18774958      0      -
      4887.221155891     2        C10        7565793      2565793      0      -
      4887.229165016     2        C10       12938566      7938566      0      -
      4887.359360978     2        C10       19957437     14957437      0      -
      4887.493865097     2        C10       16738317     11738317      0      -
      4887.626096359     2        C10       12174020      7174020      0      -
      4887.638714779     2        C10       15868299     10868299      0      -
      4887.882547520     2        C10        3312514     -1687486      1      0
      4888.055508836     2        C10        4737256      -262744      1      0
      4888.181746964     2        C10        3810023     -1189977      1      0
      4888.186000396     2        C10        3868054     -1131946      1      0
      4888.304097948     2        C10       11472687      6472687      0      -
      4888.428478372     2        C10           3963     -4996037      1      0
      4888.428486926     2        C10        7069663      2069663      0      -
      4888.666901943     2        C10        4410602      -589398      1      0
      4888.784281765     2        C10        5641596       641596      0      -
      4888.908165665     2        C10       13587638      8587638      0      -
      4889.034810292     2        C10       18763300     13763300      0      -
      4889.568535706     2        C10        5132895       132895      0      -
      4889.860818890     2        C10       25764201     20764201      0      -
      4889.999403105     2        C10       10835441      5835441      0      -
      4890.010681320     2        C10       18999654     13999654      0      -
      4890.144152067     2        C10       18425826     13425826      0      -
      4890.275632317     2        C10       32246288     27246288      0      -
      4890.425858137     2        C10       19994221     14994221      0      -
      4890.563238490     2        C10       24819114     19819114      0      -
      4890.701545434     2        C10       10957914      5957914      0      -
      4890.825153329     2        C10        8704338      3704338      0      -
      4890.834386062     2        C10       25087826     20087826      0      -
      4890.994602062     2        C10        8346236      3346236      0      -
      4891.003477548     2        C10       22268874     17268874      0      -
      4891.026208689     2        C10        1278522     -3721478      1      0
      4891.146758788     2        C10       23349298     18349298      0      -
      4891.284547474     2        C10       22217863     17217863      0      -
      4891.419633508     2        C10       11791955      6791955      0      -
      4891.431905758     2        C10       12636709      7636709      0      -
      4891.445056654     2        C10       11538624      6538624      0      -
      4891.573089351     2        C10          54968     -4945032      1      0
      4891.573147110     2        C10       11253487      6253487      0      -
      4891.584912648     2        C10        3011111     -1988889      1      0
      4891.700669383     2        C10        1220094     -3779906      1      0
      4891.815295492     2        C10        1302651     -3697349      1      0
      4892.047807384     2        C10        5953181       953181      0      -
      4892.054246566     2        C10        3821250     -1178750      1      0
      4892.171556189     2        C10        2786402     -2213598      1      0
      4892.287374666     2        C10        6753868      1753868      0      -
      4892.984644944     2        C10        9025604      4025604      0      -
      4893.219784078     2        C10          54941     -4945059      1      0
      4893.219842668     2        C10          27862     -4972138      1      0
      4893.334195627     2        C10        5032411        32411      0      -
      4893.339630765     2        C10       10003837      5003837      0      -
      4893.464154228     2        C10        8936656      3936656      0      -
      4893.473551656     2        C10       25952348     20952348      0      -
      4893.617184513     2        C10       13551436      8551436      0      -
      4893.631174980     2        C10       22181029     17181029      0      -
      4893.767274959     2        C10        1357189     -3642811      1      0
      4893.769076235     2        C10       11160938      6160938      0      -
      4893.780680341     2        C10        6020802      1020802      0      -
      4893.899921728     2        C10         783962     -4216038      1      0
      4894.132584332     2        C10          54842     -4945158      1      0
      4894.132642201     2        C10          23423     -4976577      1      0
      4894.245067223     2        C10        4939610       -60390      1      0
      4894.250524088     2        C10        6441893      1441893      0      -
      4894.256972438     2        C10          68947     -4931053      1      0
      4894.257043964     2        C10       19002979     14002979      0      -
      4894.388799936     2        C10       17302871     12302871      0      -
      4894.406548900     2        C10        1323854     -3676146      1      0
      4894.524414858     2        C10       23174621     18174621      0      -
      4894.660701511     2        C10       14969340      9969340      0      -
      4894.789598677     2        C10        4738565      -261435      1      0
      4894.911574405     2        C10       14544314      9544314      0      -
      4895.038991732     2        C10        7059256      2059256      0      -
      4895.385639592     2        C10       10187656      5187656      0      -
      4895.685736918     2        C10       12111757      7111757      0      -
      4895.698287306     2        C10       13162077      8162077      0      -
      4895.712306478     2        C10         679950     -4320050      1      0
      4895.826738855     2        C10        7954117      2954117      0      -
      4895.835208199     2        C10        6828614      1828614      0      -
      4895.955095420     2        C10       10265329      5265329      0      -
      4895.965805136     2        C10       10638708      5638708      0      -
      4896.090448024     2        C10       23183585     18183585      0      -
      4896.226700518     2        C10       27454327     22454327      0      -
      4896.375699339     2        C10       15451436     10451436      0      -
      4896.734696894     2        C10        2553581     -2446419      1      0
      4897.019921897     2        C10       13746608      8746608      0      -
      4897.034122930     2        C10       14540102      9540102      0      -
      4897.281202903     2        C10       14130425      9130425      0      -
      4897.408576564     2        C10        6985011      1985011      0      -
      4897.532122455     2        C10        1377334     -3622666      1      0
      4897.647826339     2        C10       21260925     16260925      0      -
      4897.781940389     2        C10       10808145      5808145      0      -
      4897.793195736     2        C10       11391453      6391453      0      -
      4897.927414857     2        C10        8705881      3705881      0      -
      4898.049958764     2        C10       20615439     15615439      0      -
      4898.184757534     2        C10        3998253     -1001747      1      0
      4898.301714232     2        C10       11337672      6337672      0      -
      4898.313562881     2        C10        4906724       -93276      1      0
      4898.431702129     2        C10        1836173     -3163827      1      0
      4898.433987485     2        C10       10199528      5199528      0      -
      4898.563578540     2        C10        6149780      1149780      0      -
      4898.692430475     2        C10        9724623      4724623      0      -
      4899.098790968     2        C10       11892213      6892213      0      -
      4899.224057904     2        C10        6543719      1543719      0      -
      4899.350435107     2        C10        1332658     -3667342      1      0
      4899.352165645     2        C10        8803758      3803758      0      -
      4899.473487886     2        C10        4426793      -573207      1      0
      4899.478357191     2        C10       31112867     26112867      0      -
      4899.510137047     2        C10        7147804      2147804      0      -
      4899.633731944     2        C10       16348841     11348841      0      -
      4899.762678720     2        C10       15151607     10151607      0      -
      4899.890930350     2        C10        4949362       -50638      1      0
      4900.008571405     2        C10        8070848      3070848      0      -
      4900.017087333     2        C10        5138628       138628      0      -
      4900.141455628     2        C10       12219824      7219824      0      -
      4900.154159073     2        C10       23759652     18759652      0      -
      4900.291793729     2        C10       10512736      5512736      0      -
      4900.302758906     2        C10       24175056     19175056      0      -
      4900.440343668     2        C10       15436052     10436052      0      -
      4900.575109012     2        C10       20742304     15742304      0      -
      4900.709336551     2        C10       11440972      6440972      0      -
      4901.123826374     2        C10       18046578     13046578      0      -
      4901.254653873     2        C10       18587309     13587309      0      -
      4901.387007637     2        C10        2095134     -2904866      1      0
      4901.389615593     2        C10       10250087      5250087      0      -
      4901.515264842     2        C10       19961623     14961623      0      -
      4901.535697181     2        C10        1173496     -3826504      1      0
      4901.654965207     2        C10        8454689      3454689      0      -
      4901.663901254     2        C10        4971559       -28441      1      0
      4901.782654024     2        C10        9999499      4999499      0      -
      4901.793103111     2        C10          55605     -4944395      1      0
      4901.793162083     2        C10         151010     -4848990      1      0
      4901.906480115     2        C10        8873296      3873296      0      -
      4901.915794470     2        C10        5523595       523595      0      -
      4902.034312103     2        C10        3970043     -1029957      1      0
      4902.038727572     2        C10       21511527     16511527      0      -
      4902.172760186     2        C10       15960016     10960016      0      -
      4902.189166985     2        C10        6055607      1055607      0      -
      4902.308112407     2        C10        3887371     -1112629      1      0
      4902.312488527     2        C10       18989583     13989583      0      -
      4902.461281300     2        C10       11989778      6989778      0      -
      4902.473715864     2        C10        4609795      -390205      1      0
      4902.595725688     2        C10       10719679      5719679      0      -
      4902.606895657     2        C10        6799935      1799935      0      -
      4902.727624873     2        C10       15307455     10307455      0      -
      4902.970167353     2        C10        2190163     -2809837      1      0
      4903.206575715     2        C10       10963537      5963537      0      -
      4903.330344149     2        C10       13563443      8563443      0      -
      4903.457328806     2        C10       10526770      5526770      0      -
      4903.699455344     2        C10        6190607      1190607      0      -
      4903.706091637     2        C10        4151680      -848320      1      0
      4903.825633216     2        C10       11275707      6275707      0      -
      4903.952993327     2        C10       30626745     25626745      0      -
      4903.984117368     2        C10        5084045        84045      0      -
      4904.103058563     2        C10          55040     -4944960      1      0
      4904.103116864     2        C10        5470324       470324      0      -
      4904.109035736     2        C10       13895672      8895672      0      -
      4904.123385992     2        C10        3452245     -1547755      1      0
      4904.239900939     2        C10       12043267      7043267      0      -
      4904.252388362     2        C10        5481424       481424      0      -
      4904.371420936     2        C10       13415952      8415952      0      -
      4904.385293396     2        C10       12042958      7042958      0      -
      4904.397853036     2        C10       12494069      7494069      0      -
      4904.410353465     2        C10          74278     -4925722      1      0
      4904.410430572     2        C10          33623     -4966377      1      0
      4904.531044035     2        C10       11706604      6706604      0      -
      4904.543203028     2        C10        4720748      -279252      1      0
      4904.668126125     2        C10        5474256       474256      0      -
      4904.674094442     2        C10        4977833       -22167      1      0
      4904.793055343     2        C10          56012     -4943988      1      0
      4904.793114937     2        C10        4759467      -240533      1      0
      4905.137597667     2        C10        8953742      3953742      0      -
      4905.147561304     2        C10        1374818     -3625182      1      0
      4905.150102006     2        C10        1709535     -3290465      1      0
      4905.154122553     2        C1E          18717        -1283      1      0
      4905.194476062     2        C10         316637     -4683363      1      0
